기사날짜,기사제목,네이버 뉴스 url,기사내용
2021.09.21.,"카카오 김범수, 최고 부자 자리 이재용에 석 달 만에 다시 내줘",https://n.news.naver.com/mnews/article/055/0000922481?sid=101,"한때 한국인 최고 부자 자리에 올랐던 김범수 카카오 이사회 의장이 석 달 만에 선두 자리를 이재용 삼성전자 부회장에게 다시 내줬습니다.김범수 의장은 개인 소유 투자회사 케이큐브홀딩스를 사회적 기업으로 전환할 계획이어서 전환 결과에 따라 재산이 40% 이상 줄어 부자 순위 5위권 밑으로 밀려날 가능성도 있습니다.금융투자업계에 따르면 블룸버그가 집계하는 세계 500대 부자 순위(20일 기준)에 진입한 한국인 부자는 이재용 부회장(세계 212위), 김범수 의장(세계 225위), 서정진 셀트리온그룹 명예회장(세계 238위), 홍라희 전 리움미술관장(세계 434위), 김정주 넥슨 창업자(세계 476위) 등 5명으로 나타났습니다.김범수 의장의 재산은 약 106억 달러(약 12조5천억 원)로 이재용 부회장(약 111억 달러·약 13조1천억 원)보다 약 5억 달러 적은 것으로 추산됐습니다.앞서 지난 6월 14일 김범수 의장은 재산 약 127억 달러로 이재용 부회장(당시 약 126억 달러)을 처음 제치고 한국인 최고 부자에 등극했습니다.카카오 주가 급등으로 그가 직접 또는 100% 소유 비상장사인 케이큐브홀딩스를 통해 보유한 카카오 지분 23.89%의 가치가 부풀었기 때문입니다.상반기 카카오 주가 상승률은 109.24%에 이르렀고 김범수 의장의 재산은 한때 약 148억 달러(6월 23일)까지 불어나 이재용 부회장(약 122억 달러)과 격차를 26억 달러로 넓혔습니다.하지만 카카오의 공격적인 사업 확장에 따른 '시장 독점·갑질 논란'이 그의 발목을 잡았습니다.지난 7일 금융당국이 카카오페이 등의 금융상품 판매와 관련해 우려를 나타내고 더불어민주당이 카카오에 대해 규제 추진을 예고한 이후 카카오 주가는 17일까지 22.40% 급락했고 시가총액은 15조3천522억 원 감소했습니다.그 결과 김범수 의장의 재산도 지난 14일 약 111억 달러로 줄어 이재용 부회장(약 112억 달러)에 다시 역전됐으며, 이후 격차가 벌어지고 있습니다.그는 14일 발표한 상생 방안에서 케이큐브홀딩스를 사회적 기업으로 전환하고 이 회사에 재직 중인 자신의 가족들은 모두 퇴사할 것이라고 발표했습니다.케이큐브홀딩스의 구체적인 개편 방안은 아직 나오지 않았으나, 만약 개편을 통해 이 회사 소유권이 김범수 의장 개인의 손에서 벗어나게 되면 케이큐브홀딩스가 보유한 카카오 지분 10.59%(평가가치 5조6천230억 원)는 그의 재산에서 제외됩니다.이 경우 김범수 의장의 재산은 직접 소유한 카카오 지분 13.3%, 7조654억 원 어치로 줄어들게 됩니다.  [네이버홈에서 'SBS 뉴스'를 구독하세요!]https://media.naver.com/channel/promotion.nhn?oid=055"
2021.09.21.,"석 달 만에 밀려난 카카오 김범수, ‘최고 부자’ 뺏은 1위는?",https://n.news.naver.com/mnews/article/023/0003641568?sid=101,"김범수 카카오 이사회 의장(왼쪽)과 이재용 삼성전자 부회장. /조선DB, 연합뉴스										김범수 카카오 이사회 의장이 한국인 최고 부자 타이틀을 석 달 만에 내주게 됐다. 선두 자리를 건네받은 인물은 이재용 삼성전자 부회장이다.21일 블룸버그가 전날 기준으로 집계한 세계 500대 부자 순위에 이름을 올린 한국인은 이 부회장(세계 212위), 김 의장(세계 225위), 서정진 셀트리온그룹 명예회장(세계 238위), 홍라희 전 리움미술관장(세계 434위), 김정주 넥슨 창업자 (세계 476위) 등 5명이다. 상장·비상장 주식과 현금 등 각종 자산을 더하고 부채 및 상속세 등을 차감하는 방식으로 집계한 결과다.이 부회장의 재산은 약 111억 달러(약 13조1000억원)로 추산됐다. 김 의장은 약 106억 달러(약 12조5000억원)로 이 부회장보다 약 5억 달러(약 6000억원) 적다.앞서 김 의장은 지난 6월 14일 발표에서 재산 127억 달러(약 15조1000억원)로 이 부회장을 처음 제치고 한국인 최고 부자에 등극했다. 카카오 주가가 급등하면서 그가 직접 또는 100% 소유 비상장사인 케이큐브홀딩스를 통해 보유한 카카오 지분 23.89%의 가치가 높아진 덕분이었다.상반기 카카오 주가 상승률이 109.24%에 이르렀고 김 의장의 재산도 불어났다. 한때 148억 달러(약 17조6000억원)까지 늘어났고 이 부회장(122억 달러·약 14조5000억원)과의 격차를 26억 달러(약 3조1000억원)로 넓히기도 했다.그러나 최근 카카오의 공격적 사업 확장에 따른 ‘시장 독점·갑질’ 논란이 발목을 잡았다. 지난 7일 금융당국이 카카오페이 등 금융상품 판매와 관련해 우려를 드러내고, 더불어민주당이 규제 추진을 예고하자 카카오 주가는 지난 17일 기준 22.40% 급락했다. 시가총액 역시 15조3522억원 감소했다.김 의장은 지난 14일 발표한 상생 방안에서 케이큐브홀딩스를 사회적 기업으로 전환하고, 이 회사에 재직 중인 가족들도 모두 퇴사할 것이라고 밝혔다. 구체적인 개편 방안은 아직 나오지 않았으나 만약 회사 소유권이 김 의장 개인 손에서 벗어나게 된다면, 케이큐브홀딩스가 보유한 카카오 지분 10.59%(평가가치 5조6230억원)는 그의 재산에서 제외된다.이 경우 김 의장의 직접 소유한 카카오 지분은 13.3%로 감소하고 재산이 40% 이상 줄게 된다. 그렇게 되면 부자 순위에서도 서 명예회장(재산 101억 달러·약 11조9000억원), 홍 전 관장(65억 달러·약 7조7000억원), 김 창업자(61억 달러·약 7조1000억원)보다 뒤처져 5위권 밑으로 밀려날 수 있다.한편 블룸버그가 평가한 재산액은 재벌닷컴 수치와 다소 차이가 있다. 재벌닷컴은 지난 17일 기준 이 부회장이 보유한 국내 상장사 주식 평가가치를 14조7269억원으로 매겼다. 블룸버그는 여기에 현금 자산과 상속세 부담 등을 반영해 현재 재산을 추산했다. 홍 전 관장 역시 상장사 주식은 10조8449억원어치에 이르지만 블룸버그 집계에서는 3조1000억원의 상속세 부담 등이 계산됐다.서 명예회장의 재산은 지난해 말 151억달러(약 18조원)에서 현재 101억 달러로 올해 약 33% 줄었다. 그가 직·간접적으로 지분을 소유한 셀트리온헬스케어와 셀트리온 주가는 올해 들어 각각 27.79%와 23.26% 하락했다.김 창업자도 일본 증시에 상장된 넥슨 주가가 올해 42.11% 급락하면서 재산이 지난해 말 103억 달러(약 12조2000억원)에서 현재 약 61억 달러로 약 41% 감소했다."
2021.09.21.,카카오·네이버 주가 동시 ‘휘청’… 저가 매수 기회일까,https://n.news.naver.com/mnews/article/022/0003621505?sid=101,"카카오 4개월 만에 12만원 밑으로네이버 2주 전보다 11% 하락당분간 카카오 주가 변동성↑, 10월 국감까지 지켜봐야네이버 ‘규제 리스크’ 비교적 작아, 저가 매수 기회   12만원 밑으로 떨어진 카카오. 40만원 선을 간신히 지키고 있는 네이버. 국내 정복기술(IT) 업계를 대표하는 두 기업의 주가가 동시에 휘청이면서 물량 대부분을 떠안은 개미(개인 투자자)들이 고심하고 있다. 카카오와 네이버를 저가 매수할 기회로 여겨 나오는 물량을 쓸어담으면서도 ‘저점’이 어딘지 모르겠다는 불안감을 떨쳐내지 못하고 있다.    ◆추락하는 카카오·네이버 주가   21일 한국거래소에 따르면 추석 연휴 전 마지막 거래일인 지난 17일 카카오는 전날보다 1.65% 하락한 11만9500원에 장을 마쳤다. 카카오 주가는 지난 5월26일(11만9500원) 이후 약 4개월 만에 12만원 아래로 떨어졌다. 2주 동안 주가는 23% 넘게 하락했다.   네이버는 최근 2거래일 연속 소폭 상승해 지난 17일 40만3000원으로 마감했다. 하락세에서 반전을 보이기는 했지만 2주 전과 비교하면 11% 남짓 하락한 수치다.   지난 7일 금융당국이 온라인 플랫폼의 금융상품 정보 제공 서비스에 대해 ‘중개’라며 관련 법에 따라 등록하지 않으면 위법이라고 판단하면서 카카오와 네이버 주가는 연일 맥을 못추고 있다. 플랫폼 업체의 ‘규제 리스크’가 부각되자 외국인과 기관은 갖고 있던 물량을 대거 팔아치웠다.   지난 7일부터 9거래일간 외국인과 기관은 각각 카카오 1조800억원과 4100억원, 네이버 4400억원과 2900억원을 순매도했다. 반면 개인 투자자들은 같은 기간 연속 순매수했다. 외국인과 기관이 던진 물량을 개인들이 받아내고 있는 모양새다.      카카오프렌즈 캐릭터 '라이언'과 김범수 카카오 의장. 뉴스1    ◆카카오 10월 국감까지 지켜봐야   증권가에선 이번에 두드러진 플랫폼 업계의 ‘규제 리스크’가 카카오와 네이버에 다르게 적용될 것이라고 분석한다. 정부가 카카오의 ‘문어발식’ 사업 확장을 정조준한 만큼 카카오에 더 큰 부담이 될 것이란 전망이 나온다.   지난 14일 카카오는 골목상권과의 상생 방안 등을 내놓았다. 하지만 방송통신위원회에서도 플랫폼에 대한 규제 계획을 밝히는 등 ‘규제 리스크’를 완전히 해소하지 못하는 모습이다. 이에 증권가는 잇따라 카카오 목표주가를 낮췄다. 한국투자증권(18만원→16만원), 한화투자증권(18만5000원→17만원), 삼성증권(20만원→18만원) 등이 카카오 목표주가를 하향 조정했다.   증권가는 당분간 카카오의 주가 변동성은 클 것이라고 내다봤다. 오동환 삼성증권 연구원은 “논란이 되었던 모빌리티의 스마트호출과 배달 서비스를 폐지하고, 대리운전 수수료도 인하하면서 갈등의 소지는 일정 부분 해소했다”면서도 “가맹 택시의 수수료와 비가맹 택시의 배차 차별, 케이큐브홀딩스의 불성실공시 등의 이슈는 여전히 남아 있는 만큼 규제 리스크가 완전히 해소되었다고 보기는 어렵다”고 설명했다. 김소혜 한화투자증권 연구원은 “IPO를 앞둔 카카오페이와 카카오모빌리티의 확장성에도 다소 제동이 걸릴 수 있다”며 “당분간 정부 규제 관련 뉴스 흐름에 따라 주가 변동성이 확대될 것”으로 전망했다.   다만 규제 리스크가 카카오 주가에 충분히 선반영됐고 카카오의 장기적인 성장 동력을 막지는 못할 것이라는 진단도 나온다. 정호윤 한국투자증권 연구원은 “(규제 노이즈가) 최소 국정감사 일정이 종료되는 10월까지는 인터넷 섹터를 짓누르겠으나, 현재 주가 수준은 밸류에이션만(실적 대비 주가 수준)을 놓고 봤을 때는 충분히 하락한 수준”이라고 평가했다. 오 연구원은 “산업의 패러다임 변환은 시대적 흐름”이라며 “정부 규제로 플랫폼 비즈니스의 성장 속도는 둔화할 수 있으나, 방향성을 바꾸지는 못한다”고 내다봤다.     ◆네이버는 왜?   증권가에선 네이버는 카카오보다 규제 리스크에서 자유롭다는 분석이 지배적이다. 네이버는 카카오의 ‘문어발식’ 사업 확장과는 다른 노선을 취해서다. 현재 네이버의 주가가 저평가돼 있어 저점 매수 기회라는 평가가 나오는 배경이다.    최근 증권사들은 기업분석 리포트에서 네이버의 목표주가를 유지했다. 한국투자증권(54만원), 현대차증권(60만원), 유안타증권(55만원) 등이다. 이창영 유안타증권 연구원은 “네이버의 경우 2011년부터 시장 지배적 지위의 남용 가능성을 지적받으며 공정거래위원회와 부단한 싸움 속에서 자정 노력을 해왔던 점에서 카카오와 차이가 있다”고 밝혔다.    정호윤 연구원은 “네이버는 그동안 국내에서 소극적인 사업 확장을 해서 골목상권 침해 이슈에서 비교적 자유롭다”며 “당분간 규제와 관련된 노이즈가 지속되며 투자심리 회복이 쉽지는 않겠지만 현재 주가는 저평가 영역이라고 판단해 추가적인 주가 하락 시 매수로 대응하는 것이 바람직하다”고 분석했다. 이문종 신한금융투자 연구원도 “플랫폼 관련 규제 우려가 불거졌으나 네이버에 미치는 영향은 제한적”이라며 “10월 국정감사까지 플랫폼 전반에 관련된 노이즈가 지속될 수 있겠으나 해당 이슈에 따른 주가 하락은 매수 기회”라고 했다."
2021.09.21.,"""카카오 잡는다""…여야, 플랫폼 독과점 규제 한목소리",https://n.news.naver.com/mnews/article/018/0005042212?sid=100,"빅테크 산업 규제, 국정감사 최대 이슈 부상[이데일리 이상원 기자] 158개 계열사를 거느리고 있는 `공룡 빅테크` 카카오를 겨냥한 정치권의 규제가 한층 강화될 것으로 보인다. 더불어민주당에 이어 국민의힘에서도 대규모 플랫폼 기업의 시장 독점에 대한 우려를 나타내며 빅테크 산업 규제가 이번 정기국회의 가장 큰 이슈로 떠오를 것으로 예상된다.지난 2월 김범수 카카오 이사회 의장이 직원 간담회를 열고 있다.(사진=연합뉴스)이준석 국민의힘 대표는 지난 17일 취임 100일 기자간담회에서 “공교롭게도 여야 지도부가 플랫폼 기업에 대한 우려를 동시에 표출하고 있다”며 “카카오, 배달의민족 등 플랫폼 기업에 대한 우려와 시각을 공유하고 `골목 상권`을 지키는 노력에 있어 여야가 협치하는 모델을 만들자”고 더불어민주당에 제안했다. 정부의 개입 최소화와 시장의 자유를 강조하는 이 대표도 현재의 독과점 행태에는 문제가 있다는 인식을 보인 셈이다. 특히 이 대표는 그간 모빌리티 산업에도 주의를 기울여 왔다. 그는 지난달 휴가 기간 경북 상주에 머물며 개인택시 교육을 받기도 했다. 2019년 택시업계와 승차 공유 서비스 업계가 갈등을 빚자 해법을 찾기 위해 택시 기사 자격증을 따고 두 달간 법인택시를 몰며 카카오 모빌리티의 독과점 문제를 계속 제기해 왔다. 이 대표의 동조에 민주당의 플랫폼 규제 움직임도 탄력을 받을 예정이다. 민주당은 현재 국회에 계류 중인 카카오, 네이버 등 빅테크 플랫폼 관련 법안을 정기국회 내에 통과시키겠다는 의지가 강하다. 윤호중 민주당 원내대표는 지난 8일 국회 교섭단체 대표연설에서 “플랫폼 사업자와 입점 업체 간 기울어진 운동장을 반드시 바로 잡겠다”고 밝혔다. 송 대표도 당 을지로위원회에서 주최한 `플랫폼 대기업의 불공정거래 근절 및 골목상권 생태계 보호 대책 토론회`에서 “카카오가 공정과 상생을 무시하고 이윤만을 추구했던 과거 대기업들의 모습을 그대로 따라가서는 안 된다”고 목소리를 높였다.사회적 비판 여론이 거세지자 카카오는 소상공인 기금 조성 및 일부 사업 철수 등의 내용을 담은 상생안을 내놓았지만, 문제 해결을 위한 핵심은 빠진 면피성이란 지적을 받고 있다. 국회 정무위원회는 다음 달 국정감사 증인으로 김범수 카카오 이사회 의장을 비롯해 국무조정실·공정거래위원회 소관 증인·참고인 21명을 부르기로 했다. 민주당은 카카오를 비롯한 개별 플랫폼 기업의 실태를 파악하고 대규모 플랫폼에 대한 확실한 규제를 하겠다는 확고한 의지를 내비치고 있다."
2021.09.21.,"‘문어발 확장 논란’ 카카오, 국민기업으로 재도약할까",https://n.news.naver.com/mnews/article/417/0000736787?sid=105,[CEO포커스] 김범수 카카오 의장정부가 빅테크 기업에 대한 규제 움직임을 강화하면서 김범수 카카오 의장의 행보가 주목된다. /사진제공=카카오정부가 빅테크 기업에 대한 규제 움직임을 강화하면서 김범수 카카오 의장(사진·55)의 행보가 주목된다. 카카오는 최근 문어발식 사업확장과 골목상권 침해 논란에 휩싸였다. 지난 6월30일 기준 카카오의 계열사는 117곳(해외포함 158곳)이다. 여기에 카카오모빌리티의 과도한 유료화 논란까지 더해지면서 카카오의 독과점 문제를 둘러싼 부정적 여론은 더욱 확산됐다. 특히 공정거래위원회는 김 의장과 개인회사인 케이큐브홀딩스에 대한 조사에 착수하면서 카카오 압박에 나섰다. 이 가운데 카카오는 지난 14일 상생방안을 내놨다. 혁신 사업 중심으로 향후 사업 방향을 재편한다는 내용이 골자다. 긴급 수습책인 셈이다. 이날 카카오에 따르면 주요 계열사 대표들은 지난 13일부터 이틀간 전체회의를 열고 이 같은 내용에 대해 합의했다. 각 계열사는 빠른 시일 내에 구체적인 실행 방안을 마련할 계획이다.상생방안을 살펴보면 먼저 골목상권 침해 우려가 있었던 사업에서 철수한다. 기업 고객 대상 꽃·간식·샐러드 배달 중개 서비스가 대표적인 사례다. 대신 카카오는 IT혁신과 이용자들의 후생을 더할 수 있는 영역 중심으로 사업을 전개해나갈 방침이다.케이큐브홀딩스를 사회적 가치 창출에 집중하는 기업으로 전환한다. 케이큐브홀딩스는 김범수 카카오 의장이 지분 100%를 보유한 개인회사이자 카카오 지분 10.59%를 보유한 2대 주주다. 이런 이유로 사실상 카카오의 지주회사로 평가받는 이 회사는 임직원 7명 가운데 대부분이 카카오 총수 일가다. 김 의장의 두 자녀 역시 이 회사에 재직 중인 것으로 알려지면서 과거 경영권 승계 의혹이 불거지기도 했다.아울러 향후 5년간 상생 기금 3000억 원을 마련해 플랫폼 종사자와 소상공인 등 파트너들과의 지속 가능한 성장을 도모한다. 김 의장은 “카카오와 모든 계열 회사들은 지난 10년간 추구해왔던 성장 방식을 과감하게 버리고 사회적 책임을 다하는 성장을 위한 근본적 변화가 필요한 시점”이라며 “기술과 사람이 만드는 더 나은 세상이라는 본질에 맞게 카카오와 파트너가 함께 성장할 수 있는 모델을 반드시 구축할 것”이라고 말했다. 과연 카카오가 이번 상생안으로 여론을 극복하고 다시 국민 기업으로 자리잡을 수 있을지 관심이 모아진다.
2021.09.21.,'공룡'된 카카오…플랫폼 기업에 칼 빼든 정치권,https://n.news.naver.com/mnews/article/422/0000505502?sid=100,"[앵커] 코로나19 위기 속에서도 오히려 매출 상승의 '덕'을 본 기업들이 있습니다. 카카오와 쿠팡 같은 거대 플랫폼 업체인데요. 한때 혁신의 상징이었던 이들에 대해 정치권이 한 목소리로 규제의 목소리를 내고 있습니다. 서형석 기자입니다.[기자]정치권이 한 목소리로 카카오, 쿠팡 같은 플랫폼 기업들을 겨누고 있습니다. <윤호중 / 더불어민주당 원내대표 (8일)> ""소비자, 입주업체에 큰 부담인 약 20%에 달하는 플랫폼 수수료는 아직 해결되지 않았습니다. 플랫폼 사업자와 입점 업체 간 기울어진 운동장을 반드시 바로 잡겠습니다."" 혁신의 상징이었던 이들 기업이 코로나 시국 속 문어발식 확장으로 부를 축적하면서 '탐욕'의 상징처럼 돼 버렸다는 이유에서입니다. <김기현 / 국민의힘 원내대표 (7일)> ""카카오는 규제 완화의 틈새를 이용해 택시, 주차, 대리운전, 교육 서비스, 스크린골프 등 골목 상권 깊숙이 침투하고 있습니다. 영세 상인들의 어려움이 더 가중…"" 정부, 정치권의 압박에 대표기업 카카오는 3천억 규모의 상생안을 내놓기도 했지만, 눈초리는 아직도 따갑습니다. 이에 따라 수수료를 적정수준으로 낮추거나, 문어발식 확장을 막는 일명 '플랫폼 공정화법' 처리도 급물살을 타는 모양새인데 현재 계류 중인 법안만 7개에 이릅니다. 플랫폼 종사자와 이용자에 대한 지원, 보호를 위한 법안까지 합치면 9개로 늘어나는데 민주당은 여기서 더 나아가 플랫폼 기업에 상생 기금을 징수하는 법안까지 고려 중입니다. 다만 한 번 규제가 만들어지고 나면 새로운 산업의 성장을 가로 막을 수 있다는 우려와 함께 과도한 재산권 침해가 될 수 있다는 지적까지 나오는 상황. 분수령은 우선 10월에 열리는 국정감사가 될 전망입니다. 정무위와 산자위, 환노위, 과방위, 문체위, 그리고 농해수위에서도 카카오, 네이버 등 플랫폼 기업들을 줄줄이 증인으로 세워 '기업 감사'를 방불케 할 것 임을 예고한 겁니다. 여기에 대선후보들도 관심을 기울이기 시작하면서 '플랫폼 독점' 문제는 대선정국에 뜨거운 감자가 될 전망입니다. 연합뉴스TV 서형석입니다. (codealpha@yna.co.kr)연합뉴스TV 기사문의 및 제보 : 카톡/라인 jebo23"
2021.09.21.,"국감 불려가는 카카오·네이버…""빅테크 기업 갑질 추궁""",url없음,<네이버 기사 없음>
2021.09.21.,"규제 암초 만난 카카오페이, 결국 '상장연기' 수순 밟나",https://n.news.naver.com/mnews/article/421/0005614277?sid=101,"29~30일 기관수요예측 연기 가능성 높아보험 서비스 중단 등 증권신고서 정정 불가피© News1 이지원 디자이너(서울=뉴스1) 강은성 기자 = 하반기 기업공개(IPO) 최대어로 꼽히던 카카오페이가 금융당국의 금융플랫폼 규제에 따른 사업 및 기업가치 변동 가능성에 IPO 일정을 결국 연기할 가능성이 높아졌다. 카카오페이는 추석 연휴 이후인 오는 29일과 30일 진행할 예정인 기관투자자 수요예측을 연기할 것으로 관측된다.21일 증권가에 따르면 증권신고서 정정으로 한차례 차질을 빚었던 카카오페이의 IPO는 또 한차례 연기될 가능성이 높아졌다. 카카오페이측은 ""상장 연기 여부에 대해 결정된 것은 없다""는 입장이지만 증권업계에선 ""연기가 불가피할 것""이라고 보고 있다. 앞서 카카오페이는 지난 7월2일 증권신고서를 제출했으나 금융당국이 '비교그룹의 적정성' 등을 이유로 정정을 요구하면서 IPO 일정이 틀어진 바 있다. 글로벌 기준 중 하나인 '135일룰'에 걸리면서 1분기 실적이 아닌 상반기 실적을 기반으로 다시 증권신고서를 작성해야 했기 때문이다. 반기 실적이 나온 이후 카카오페이는 지난 8월31일 금융당국에 다시 증권신고서를 제출했지만 이번엔 규제 암초를 만났다.  지난 7일 금융당국은 카카오페이를 비롯한 핀테크 업체들에게 ""현행 서비스는 광고가 아닌 중개에 가깝기 때문에 금융당국에 등록하지 않고 이같은 서비스를 제공하는 것은 금융소비자법(이하 금소법)을 위반할 소지가 있다""며 ""계도기간이 종료되는 오는 24일까지 위반 소지를 해소하거나 시정 계획을 제출하라""고 지시했다.  이에 카카오페이는 자동차 보험 비교 서비스를 중단한 데 이어, 운전자 보험, 반려동물 보험, 해외여행자 보험 등 일부 보험 상품 판매를 잠정 중단한 상태다.카카오페이의 주력 서비스 중 하나인 '펀드' 서비스는 이용자화면(UI/UX) 개선을 통해 '카카오페이증권에서 제공하는 서비스'라는 점을 분명히 했다. 앞서 카카오페이는 카카오페이증권의 펀드중개판매 서비스를 뚜렷하게 표기하지 않고 펀드를 판매해 사실상의 '중개서비스'라는 당국의 지적을 받은 바 있다. 금소법에 따라 펀드서비스는 판매대리중개업자로 등록해야만 서비스를 제공할 수 있는데 이는 '개인'만 해당 자격이 주어진다. 법인에는 법 개정을 하지 않는 한 등록 자격 자체가 주어지지 않는다. 카카오페이는 이번에 펀드중개판매가 가능한 카카오페이증권이 해당 서비스를 제공한다는 점을 분명히 하면서 '금소법상 중개 위반' 소지를 해소하려 한 셈이다. 카카오페이 펀드서비스 개편 화면. 카카오페이증권에서 해당 서비스를 제공한다는 점을 화면 상단에 굵은 글씨로 표시하고 별도 팝업창을 띄워 금융소비자들이 오해하지 않도록 개편했다.(카카오페이 앱 화면 갈무리)© 뉴스1그러나 보험을 중단하고 펀드서비스 등을 개편하면서 사업구조에 변화는 불가피한 상태다. 카카오페이의 금융서비스(펀드, 대출, 보험) 매출 비중은 2019년 2.4%에서 2020년 22.7%로 급등했기 때문에 금융서비스 차질은 매출에 타격을 줄 수 밖에 없다. 올해 상반기 매출액 중 32%인 695억원이 금융상품 관련 매출이다.매출에 영향을 미치는 사업모델의 변화는 증권신고서에 새롭게 기재해야한다. 결국 카카오페이의 증권신고서 2차 정정이 불가피하다는 얘기다. 카카오페이 내부 사정에 정통한 업계관계자는 ""지난 9일 금융위와 핀테크사업자간 긴급간담회에서 당국은 '무조건 서비스를 중단하라는 것이 아니라 시정 방안, 계획서 등을 24일까지 제출하라는 것'이라며 다소 유연한 태도를 보였기에 카카오페이도 보험 서비스는 중단하고 펀드는 수정해 당국의 (중개서비스 여부에 대한) 판단을 기다리는 중""이라고 말했다. 증권업계에서는 오는 29일과 30일 이틀에 걸쳐 진행될 예정인 카카오페이의 기관 수요예측부터 연기될 가능성이 높다고 보고 있다. 수요예측이 늦어지면 공모가 확정, 일반 청약 등 다른 IPO 일정도 줄줄이 연기된다. 이에 따라 코스피 시장에 10월14일 상장하려던 계획도 연내로 조정될 것이라는 전망이 나온다."
2021.09.21.,"창업자 등판한 카카오·엔씨, 추석 이후 ‘주가 반전’ 가능할까",https://n.news.naver.com/mnews/article/081/0003217378?sid=105,"창업자들이 사과한 카카오와 엔씨김범수 카카오 이사회 의장‘플랫폼 독과점’ 이슈로 홍역을 치른 카카오와 기대작 ‘블레이드앤소울2’의 혹평으로 위기에 처한 엔씨소프트의 주가가 곤두박질치고 있다. 기업이 뿌리째 흔들리는 지경에 이르자 카카오에서는 김범수 이사회 의장이 직접 대책 회의에 나서 골목상권 상생안을 발표하고, 엔씨에서는 김택진 대표가 구성원들에게 이메일을 보내 사과하기도 했다. 두 기업의 창업자가 나란히 사태 해결에 팔을 걷어부치고 나선 가운데 추석 연휴 이후 카카오와 엔씨의 주가도 반등에 나설 수 있을지 관심이 쏠린다.카카오는 추석 연휴 전 마지막 주식 거래일인 지난 17일 주당 11만 9500원에 장을 마쳤다. 전날 대비 1.65%(2000원) 떨어진 수치다. 카카오는 이번달 들어 문어발식으로 사업을 확장해 골목상권을 침범하고, 이용자들로부터 과도한 수수료를 챙긴다는 ‘플랫폼 독과점’ 이슈로 포화를 맞았다. 그 결과 지난 1일에 68조 9296억원으로 시작했던 카카오의 시가총액은 약 15조원 증발해 지난 17일에는 53조 1765억원까지 떨어졌다. 한때 3위까지 올라섰던 시총 순위도 현재는 5위(우선주 제외)까지 밀린 상태다.코스닥 입성한 카카오게임즈 - 10일 오전 서울 영등포구 여의도 한국거래소 전광판에 카카오게임즈의 코스닥 상장을 알리고 있다. 이날 카카오게임즈는 국내 증시 개장과 동시에 가격제한폭인 6만2400원까지 치솟았다. 이로써 카카오게임즈의 시가총액은 4조5680억원으로 셀트리온제약을 제치고 코스닥 시총 5위에 올랐다. 2020.9.10/뉴스1엔씨도 지난 17일 전날보다 0.34%(2000원) 떨어진 주당 58만 7000원에 거래를 마쳤다. 기대를 받았던 신작 게임인 블레이드앤소울2가 출시된 지난달 26일부터 시총이 5조 4885억원 빠졌다. 엔씨는 이전부터 지나친 과금을 유도한 ‘확률형 아이템’ 때문에 비판을 받아왔는데 블레이드앤소울2도 기존의 전략을 답습했다는 혹평을 받았다. 바로 직전에 나왔던 ‘트릭스터M’이 흥행에 실패한 가운데 블레이드앤소울2가 반전을 일으킬 것으로 기대했지만 엔씨는 오히려 위기에 빠졌다.상황이 이러하자 카카오에서는 김 의장이 직접 대책 회의에 나서 지난 14일 골목상권과의 상생안을 내놨다. 골목상권을 침해하는 사업에서 철수하고, 향후 5년간 상생기금 3000억원을 마련하겠다는 것이 주요 골자다. 엔씨에서는 김 대표가 지난 17일 사내 구성원들에게 이메일을 보내 “그간 당연히 여겨온 방식과 과정에 의문을 품고 냉정히 재점검하겠다”고 사과하면서 변화를 약속했다. - 　김택진 엔씨소프트 대표가 2018년 10월 여의도 국회에서 열린 문화체육관광위원회 종합감사에서 의원들의 질의에 답변하고 있다.　연합뉴스업계에서는 두 기업 창업자들이 등판한 것을 놓고 엇갈리는 전망을 내놓고 있다. 김 의장이 직접 나서 문제로 지적된 점을 개선하겠다고 밝힌 만큼 조만간 사태가 진정될 것이란 시선이 있는 반면, 피해 당사자인 소상공인연합회나 택시·대리기사 단체가 성명을 내 “면피용 대책”이라며 여전히 반발하고 있기 때문에 사태가 오래갈 수 있다는 분석도 나온다. 엔씨의 김 대표가 일련의 사태에 대해 사과한 것과 관련해선 “늦었지만 바람직하다”라는 평가가 있는 반면, “이용자들에게 사과해야지 엔씨 사내 구성원에게 사과한 것은 여론을 돌리는 데 의미가 없다”는 비판도 있다. 카카오와 엔씨로서는 창업자가 직접 나섰으니 비판 일변도였던 현재의 상황이 나아지길 원했으나 아직 이것이 어떤 결과를 낳을지는 미지수이다. - 엔씨소프트 ‘리니지’의 상징적인 확률형 아이템인 ‘집행검’. 최소 3000만원 이상 호가된다.엔씨소프트 제공업계 관계자는 “그동안 과열됐던 두 회사에 대한 비판이 추석 연휴기간 좀 식는다면 주가가 회복할 수도 있을 것”이라며 “하지만 워낙 비판의 열기가 강했기 때문에 불과 며칠 사이에 쉽게 사그라들지는 의문”이라고 말했다."
2021.09.21.,'개인은 사고 외인·기관은 팔고' 카카오그룹 주가 향방은?,https://n.news.naver.com/mnews/article/014/0004711913?sid=101,"© News1 이지원 디자이너 /사진=뉴스1  [파이낸셜뉴스] 카카오·카카오뱅크 등 카카오그룹주를 놓고 개인과 외국인·기관이 정반대 매매형태를 보여 향후 주가추이에 관심이 모아지고 있다. 개인은 이달 카카오와 카카오뱅크 매집에 나선 반면 외국인과 기관은 팔아치우고 있는 것이다.   21일 한국거래소에 따르면 외국인과 기관이 9월 들어 가장 많이 팔아치운 종목은 각각 카카오와 카카오뱅크다.   외국인은 카카오 주식을 1조388억원어치 팔아치웠고 기관은 카카오뱅크 주식을 7423억원어치 순매도했다.   외국인 투자가들이 9월 들어 7176억원의 순매수를 기록했지만 카카오에 대해서는 공격적으로 팔자에 나선 것이다.   외국인 기관과 달리 개인들은 카카오와 카카오뱅크 매집에 나섰다.   개인들은 이달 카카오 주식에 대해 1조4410억원의 순매수를 기록했고 카카오뱅크 주식도 7160억원어치나 사들였다. 순매수 1~2위다.   카카오와 카카오뱅크 등 카카오그룹주는 더불어민주당이 온라인플랫폼에 대한 불공정거래 규제 방안을 공론화하고 금융당국이 규제에 나서면서 큰 폭으로 하락했다.   카카오그룹은 꽃·샐러드 배달 중개서비스 등 사업 철수, 3000억원 규모의 상생기금 조성 등의 상생방안을 내놓았지만 주가는 하락세를 보이고 있는 상태다.   개인들이 가장 많이 판 종목은 포스로(4088억원)이었고 삼성전자(3965억원), SK하이닉스(3362억원) 등의 순이었다.   한편 외국인들이 이달 가장 많이 사들이 종목은 삼성전자로 1조1347억원어치를 순매수했다.   이어 SK하이닉스를 4617억원, 포스코와 기아 주식을 각각 3737억원, 2844억원의 순수하게 사들였다.   기관은 크래프톤 주식을 4220억원어치 순매수했고 현대중공업(1475억원), 대한항공(1258억원)에 대해서도 매수우위를 기록했다."
2021.09.21.,스마트호출 폐지→택시 기본료 인상? 카카오 상생안 뜯어보니[인싸IT],https://n.news.naver.com/mnews/article/008/0004647359?sid=105,"14일 오후 서울 시내의 카카오T 택시. / 사진=뉴스1'미봉책, 갈라치기, 여론 몰이'카카오 계열사 가운데 처음으로 상생안을 내놓은 카카오모빌리티의를 두고 택시업계가 강하게 반발했다.  카카오모빌리티는 내부적으로 많은 것을 내려놨다는 입장이지만, 택시 4단체는 성명을 통해 ""업계를 기망한다""고 폄하했다. 카카오모빌리티는 당장 택시요금 5000원 인상 논란을 빚었던 '스마트호출'을 폐지하기로 했다. 기존 스마트호출 요금이었던 1000원으로 돌아가는 것이 아닌 완전히 없앤다는 것이다. 일견 파격으로 볼 수 있을 만한 내용이지만 택시업계는 이마저도 납득할 수 없다는 입장을 보였다.  내년 상장을 준비하던 카카오모빌리티로서는 상황을 풀어갈 방법이 요원하다. 소비자와 택시업계 양쪽에서 수년간 쌓아온 신뢰가 순식간에 무너졌다. 어렵게 내놓은 카카오모빌리티의 상생안은 왜 여전히 뒷말이 나오는 것일까. ━스마트호출? 택시기사도 수익 있지만 배차 알고리즘 불신에…━카카오모빌리티 측은 스마트호출의 폐지가 택시업계의 요구였다는 입장이다. 기존 스마트호출 요금 1000원은 6대 4로 나눠 한 번 운행시 택시기사에 600원이 돌아가는 구조였다. 금액 자체가 적다 보니 택시업계가 느끼는 효용은 크지 않았다. 대신 자신들이 챙겨야 할 수익 자체가 카카오에 종속된다는 인상을 받았다. 택시업계 입장에서 스마트호출은 택시 간 불평등을 야기하는 도구였다. 70대 택시기사 A씨(72)는 ""스마트호출이 어떤 식으로 배차를 하는 지 알 수가 없다""며 ""그냥 가맹택시에 콜을 몰아주기 위해 별도의 호출을 만든거 아닌가 싶다""고 말했다. 배차 알고리즘에 대한 불신이 묻어있다. 일각에서는 스마트호출의 폐지가 택시 기본요금의 인상을 가져올 수 있다고도 분석한다. 현재 서울시 3800원인 택시 기본요금은 2019년 이후 인상되지 않았다. 2~3년 주기의 각종 선거를 앞두고 요금 인상을 요구하며 존재감을 과시하던 택시 업계가 카카오에 뺏긴 주도권을 가져오는 과정이었다는 해석이 나온다. ━프로멤버십 인하? 마케팅이냐, 아예 폐지하라━택시기사 유료 배차 서비스인 '프로멤버십'의 가격 인하도 업계의 환영을 받지 못했다. 오히려 멤버십 가입을 고민하던 택시기사들을 유인하는 마케팅 수단이 됐다는 평가다. 기존 프로멤버십은 9만9000원으로 다소 부담이 컸지만, 3만9000원으로 인하하며 진입 장벽 자체가 낮아졌다는 것이다. 이 역시 배차 알고리즘을 정확하게 알지 못해 생기는 불만이다. 프로멤버십은 택시기사가 선호하는 목적지를 설정하면 이와 관련된 승객 호출을 우선 확인한다. 단골로 등록한 승객이 가까이서 택시를 부르면 배차 혜택을 주도록 했다. 멤버십에 가입하지 않은 택시기사의 불안감을 부추겨 가입을 유도하는 '사실상의 유료화'로 완전 폐지해야 한다는 입장이다. 카카오로서도 할 말은 있다. 모빌리티 분야에서 다양한 사업을 하고는 있지만 수익 모델이 마땅찮다. 승객 호출을 100% 무료로 전환한 마당에 '프로멤버십'까지 포기하기는 어려운 것이다. 한 IT(정보기술) 업계 관계자는 ""카카오로 인해 택시 승객이 늘고, 배회영업이 줄어드는 등 효용도 있다""며 ""카카오가 시스템을 운영하는 비용에 보전은 필요한 것 아니냐""고 말했다. ━가맹택시 상생 협의회? ""우리랑 무슨 상관…"" ━가맹택시 사업자와의 상생 협의회도 일반택시에는 별다른 영향이 없다는 주장이 나온다. 카카오는 전국 가맹택시 2만9000여대 가운데 2만3000여대(78%)를 확보한 상태다. 다만 전국의 택시가 25만대로 추산되는 가운데 10분의 1에 해당하는 택시와 협의체를 만드는 것이 업계 전체에 주는 영향은 크지 않다는 것이다. 택시 단체는 ""지역별 가맹사업자들과의 상생 협의회를 구성하겠다는 것 또한 위기를 모면하고 여론을 무마하기 위한 미봉책에 불과하다""고 지적했다. 카카오로서도 억울한 측면은 있다. 일반택시는 자신들의 프로그램을 사용하는 고객일 뿐이지 어떤 계약 관계도 맺고 있지 않기 때문이다. ━캐시카우가 사라졌다…카카오 수익모델은 어디로?━IT 업계에서는 이번 상생안으로 '서비스형 모빌리티'(MaaS·Mobility as a service)로서 이동과 관련한 모든 것을 다루겠다는 카카오모빌리티의 행보에 제동이 걸렸다고 분석한다. 당장 상장에 필요한 수익성 개선이 더딜 것이 뻔하기 때문이다. 카카오모빌리티는 지난해 영업적자 129억원으로 4년째 영업손실을 기록 중이다.그간 카카오모빌리티의 '캐시카우'로 꼽히던 대리운전의 수수료도 기존 20%에서 0~20% 탄력제를 적용했다. 유사하게 수수료 수익을 기대했던 퀵 역시 꽃·샐러드·간식 등의 배달이 막혔다. 카카오모빌리티의 다양한 서비스 가운데 수익이 될만한 것이 마땅찮다는 지적이 나온다. 이 때문에 카카오모빌리티는 지난 17일까지 예정됐던 상장 주관사 선정도 잠정 연기한 것으로 알려졌다. 앞서 카카오모빌리티는 입찰제안서 제출 시점을 10일에서 17일로 늦춘 바 있다. IT 업계 관계자는 ""카카오모빌리티가 진퇴양난의 상황에 빠졌다""며 ""많은 비판을 받고 있지만 모빌리티 서비스 개선에 큰 역할을 했다는 점도 이용자들이 기억을 해주면 힘이 될 것""이라고 말했다."
2021.09.21.,"""카카오뱅크, 코스피200편입·모회사 규제 이슈에 공매도 증가""",https://n.news.naver.com/mnews/article/014/0004711844?sid=101,"[파이낸셜뉴스]코스피200 편입, 모회사 규제 이슈로 카카오뱅크의 공매도 거래가 늘었다는 분석이 나왔다.   전균 삼성증권 연구원은 21일 보고서에서 ""카카오뱅크가 9월 10일 코스피200에 특례 편입된 직후 공매도 거래가 빠르게 증가했다""면서 ""카카오뱅크는 코스피200 특례편입 첫날인 9월 10일, 당일 거래대금의 34%에 해당하는 1620억원의 공매도 거래가 이루어졌다""고 말했다.   그는 ""카카오뱅크의 상장 이후 공매도 거래가 제한됐던 상황에서 특례 편입과 동시에 대규모 거래가 진행된 것으로 분석된다""고 말했다.   이후에도 17일까지 카카오뱅크의 공매도 거래는 거래대금의 일평균 12%를 차지했다.   이에 전 연구원은 ""카카오뱅크는 모회사의 규제 위험에 연동해 가격 변동성이 높게 유지됐기 때문""이라고 설명했다.   그러면서 그는 ""공매도를 위해서는 해당 주식을 사전에 차입해야 한다""면서 ""특례편입일인 지난 10일 당일 카카오뱅크의 대차잔고 규모는 694만주로 상장주식 수의 1.5%에 달했다""고 설명했다.   이어 ""이후 대차잔고 규모는 계속 증가해 9월 16일 기준 1367만주까지 대차잔고가 증가했다""면서 ""공매도가 계속 출회되는 상황에서 대차잔고 역시 당분간 증가할 가능성이 높다""고 전했다.   또 같은 날 코스피200에 특례편입된 크래프톤의 공매도 거래도 급증했다.   삼성증권에 따르면 크래프톤은 코스피200 특례편입된 첫날인 10일 당일 거래대금의 28%에 해당하는 1070억원의 공매도 거래가 진행됐다.   전 연구원은 ""크래프톤은 카카오뱅크와 마찬가지로 상장 이후 공매도 거래가 제한됐던 상황에서 특례편입과 동시에 대규모 거래가 이루어진 것""이라고 분석했다. 다만 카카오뱅크와 달리 크래프톤은 특례편입 이후 공매도 거래가 점진적으로 줄었다.   이는 여타 종목들도 마찬가지였다. 6월 코스피200 정기변경으로 편입된 6종목 모두 편입 당일 공매도 비중은 최대 24.9%~최저 5.1%로 상당한 편차를 보였다. 이후 20영업일 동안 편입종목의 일평균 공매도 비중은 1.7% 수준으로 나타났다.   전 연구원은 ""코스피200 편입 당일에만 공매도가 집중되고 이후에는 개별 종목의 이슈에 따라 공매도 비중이 달라진다""면서 ""그러나 대체로 제한적인 수준에서 공매도가 이루어진다""고 설명했다."
2021.09.21.,"""카카오 1주일 서비스 중단하자""...카카오 직원 블라인드글에 다른 대기업 직원들 반응",url없음,<네이버 기사 없음>
2021.09.21.,"카카오엔터프라이즈, 롯데글로벌로지스와 AI 기반 물류 생태계 구축 위한 MOU",https://n.news.naver.com/mnews/article/022/0003621428?sid=105,"(왼쪽부터) 박찬복 롯데글로벌로지스 대표, 백상엽 카카오엔터프라이즈 대표. 카카오엔터프라이즈 제공     카카오엔터프라이즈가 롯데글로벌로지스와 손잡고 물류 산업의 디지털 트렌스포메이션을 돕기 위해 나섰다.   카카오엔터프라이즈는 지난 16일 서울 중구 롯데글로벌로지스 본사에서 카카오엔터프라이즈 백상엽 대표, 롯데글로벌로지스 박찬복 대표 등 주요 관계자가 참석한 가운데 AI 기반 물류 생태계를 구축하는데 협력하고, 비즈니스 모델 확대를 추진 위한 업무 협약(MOU)을 체결했다.   양사는 긴밀한 협업을 통해 기존의 물류 산업에 관한 다양한 서비스·솔루션 등을 연결하고, 그 결과로 쌓이는 수 많은 물류 데이터를 인공지능으로 분석해 비즈니스 인사이트를 얻을 수 있도록 할 예정이다. 이를 통해, 물류 서비스 이용자들 누구나 편리하고 효율적으로 서비스를 이용할 수 있도록 혁신적인 가치를 제공하는 것을 목표하고 있다.   롯데글로벌로지스는 물류 산업과 AI 기술의 융합/접목이 가능한 사항을 발굴하고, 관련 시스템 개발 관련 업무에 적극적으로 협조하기로 했다. 카카오엔터프라이즈는 시스템 개발 및 협력사 간 신규 비즈니스 관련 교류와 함께, 롯데글로벌로지스의 고객사에 마케팅?물류 솔루션 및 카카오워크 서비스 제공하고자 한다.   특히 카카오엔터프라이즈의 AI, 빅데이터, 클라우드 기술을 활용해 디지털 트랜스포메이션 영역에서 시너지 창출을 위한 공동 연구 및 개발·운영에 나서기로 했다. 향후 양사는 △음성 인식 기술을 활용한 신속한 물류정보 시스템 구축 △ 물류 데이터 기반 최적화된 의사 결정과 서비스 제공 △ AI 기반 콜센터 혁신 서비스 발굴을 통해 양사간 협업모델을 구체화해 나갈 예정이다.   카카오엔터프라이즈 백상엽 대표이사는 “롯데글로벌로지스가 보유한 물류 산업의 인프라와 노하우에 카카오엔터프라이즈가 보유한 AI·빅데이터·클라우드 기반의 표준 플랫폼을 결합해 물류 생태계의 디지털 트렌스포메이션에 실질적으로 기여할 것”이라며 “물류 솔루션의 편의성을 높이고 혁신을 적극 지원할 것”이라고 말했다."
2021.09.21.,"카카오, 규제 리스크에 목표주가 ↓-한국투자증권",url없음,<네이버 기사 없음>
2021.09.21.,은행 비대면대출 잔액 111조 시대…1위는 카카오뱅크,url없음,<네이버 기사 없음>
2021.09.21.,9월 공매도 수익률 보니...카카오에 ‘웃고’ 데브시스터즈에 ‘울고’,url없음,<네이버 기사 없음>
2021.09.21.,"'이나프' 무선 스팀다리미, 22일 카카오메이커스 런칭",url없음,<네이버 기사 없음>
2021.09.21.,"카카오, 라이언 일병 구하기",url없음,<네이버 기사 없음>
2021.09.21.,"카카오뱅크, 추석 맞이 럭키 드로우 이벤트",url없음,<네이버 기사 없음>
2021.09.21.,“조회수가 ‘억대’나 된다고?”…네이버·카카오 대표 웹소설은?,https://n.news.naver.com/mnews/article/018/0005042082?sid=105,"웹소설 시장 급성장에 주요 플랫폼 대표작품 눈길2019년 연재한 네이버 ‘화산귀환’, 1억4000뷰 조회2017년 연재 카카오 ‘닥터 최태수’는 총 9억뷰 달해[이데일리 김정유 기자] 국내 웹소설 시장이 매년 성장하면서 주요 플랫폼 업체들 역시 웰메이드 웹소설 지식재산권(IP) 확보에 열을 올리고 있다. 스토리가 탄탄한 웹소설은 2차 IP 사업으로 웹툰, 드라마화돼 더 큰 인기를 얻기도 한다. 특히 네이버와 카카오의 웹소설들은 주거니 받거니 열띤 경쟁을 펼치면서 독자들의 선택 폭을 넓혀주고 있다. 각 플랫폼들이 내세우는 대표 웹소설들을 집중 해부해봤다.네이버 시리즈 웹소설 ‘화산귀환’. (사진=네이버웹툰)네이버 시리즈 ‘화산귀환’네이버 시리즈의 독점 웹소설 ‘화산귀환’은 전설의 무인에서 어린아이로 환생한 ‘청명’이 망해버린 자신의 문파 ‘화산파’를 부활시키기 위해 고군분투하는 내용을 담은 무협물이다. 2019년 4월 네이버 시리즈에서 첫선을 보였으며 현재 990편 이상 연재됐다. ‘화산귀환’은 네이버 시리즈 실시간·일간·주간·월간 랭킹 1위 기록, 총 누적 다운로드 수 1억 3800만뷰 이상을 돌파한 인기 웹소설이기도 하다. 일반적으로 무협 소설은 40~50대 남성 독자들의 전유물로 인식돼 왔지만, ‘화산귀환’은 10~20대 독자들에게도 호응을 얻고 있다. 화려한 무협 액션과 적절한 유머가 조화를 선보여 ‘신 무협물’이라는 평을 받고 있다.지난 3월엔 웹소설 ‘화산귀환’을 원작으로 한 동명의 웹툰도 연재를 시작했다. 웹툰 연재 이후 웹소설 ‘화산귀환’의 총 누적 매출액은 100억원을 돌파했다. 특히 웹소설의 월 평균 매출액은 웹툰 연재 이후 약 300% 증가했다. 또한 ‘화산귀환’의 오디오 드라마 펀딩도 2억4000만원 이상 모금하며 웹소설 인기를 증명하기도 했다. 지난 7월 14일부터 8월 22일까지 텀블벅을 통해 진행된 웹소설 ‘화산귀환’ 오디오 드라마 펀딩은 론칭 하루만에 목표 금액인 8000만원을 달성했고, 총 모금액은 2억4330만4000원으로 목표치의 304%를 초과했다. 총 러닝타임이 약 16시간 이상으로 예상되는 웹소설 ‘화산귀환’ 오디오 드라마는 성우 김영선, 손수호, 박요한 등 30여명의 인기 성우 출연할 예정이다. 웹소설 ‘닥터 최태수’ 웹툰 표지. (사진=카카오페이지)카카오페이지 ‘닥터 최태수’카카오페이지에서 가장 조회 수가 높은 웹소설은 무엇일까. 2015년부터 연재를 시작한 ‘닥터 최태수’가 주인공이다. 현재까지 총 3800편 이상 연재된 현대 판타지 의학 소설계의 레전드 작품으로 평가된다. 연재된 기간이 길어 조회 수도 타의추종을 불허한다. 웹소설만 별도로 한 조회 수가 약 9억2000만회에 달한다. 2017년 연재된 동명의 웹툰까지 합하면 ‘닥터 최태수’의 총 조회수는 10억회 이상이다.주인공은 대학병원의 가장 말단 의사이자 인턴인 ‘최태수’. 하루하루 인턴으로서의 고된 나날을 보내던 최태수는 우연히 세계 최정상의 흉부외과의사인 ‘리처드 카프레네‘의 임종을 지키게 된다. 이 때 놀랍게도 카프레네의 모든 의학지식이 고스란히 최태수에게 전이된다. 따뜻한 심성을 지녔지만, 평범했던 최태수는 카프레네의 지식을 토대로 천재흉부외과 의사로 도약하게 된다.이 웹툰은 전형적인 의학 웹툰에 유명 의사의 기억과 지식이 전이되는 판타지적 요소를 담아 눈길을 모은다. 어려운 의학 지식을 담아내야 하는 의학 웹툰에 판타지 요소를 담은 만큼 자칫 흐름이 끊길 수도 있지만 이 웹툰은 이를 자연스럽게 이어간다. 점점 성장하는 최태수가 기억을 전이한 카프레네 보다 더 성장하는 모습을 그려내면서 독자들에게 희열도 제공한다. 특히 작화로 담아내기 힘든 수술 장면들은 이 웹툰의 인기 요소 중 하나다. 탄탄한 스토리에 섬세한 작화가 어울려 웹툰의 퀄리티를 높였다."
2021.09.21.,"막 오른 빅테크 금융규제 ""긴 겨울 시작됐다""",https://n.news.naver.com/mnews/article/079/0003555175?sid=101,"핵심요약""자격 갖춰 팔고, 책임도 져라"" 금소법 규제에 카카오페이 직격탄카드사보다 높은 가맹점 수수료율 문제도 불거져…상장 앞두고 악재금융사 시총 1위 카카오뱅크도 향후 사업확장에 규제 버티고 있어연합뉴스혁신을 내세워 빠르게 성장해오던 빅테크 계열 금융사들에 대한 금융당국의 규제가 본격화되고 있다. 금융위원회는 지난 7일 카카오페이 등 빅테크 계열 금융플랫폼이 자사 앱을 통해 보험이나 펀드 가입서비스를 제공하는 것이 단순히 광고를 넘어 상품 중개에 해당하기 때문에 오는 24일 본격 시행되는 금융소비자보험법 위반행위에 해당한다고 판단했다. 카카오페이는 보험대리점이나 증권사 자격을 갖춘 자회사를 통해 금융상품을 판매하고 있다고 항변하며, 이런 사실을 명확히 앱에 공지하는 개편 작업을 하고 진행했다. 하지만 금융당국의 판단은 본질적으로 이런 우회로가 아니라 금융상품을 팔고 싶으면 관련 자격을 직접 취득하고, 문제 발생 시 직접 책임도 지라는 것이다. 문제는 앞으로다. 카카오페이의 누적 가입자수는 3650만 명에 달하는데, 경제활동 인구 4/5가 사용하는 이런 강력한 플랫폼 파워를 바탕으로 금융서비스 매출 비중은 3년 만에 0.2%에서 32.1%로 급증했다. 그런데 이번 규제로 카카오페이의 보험비교 서비스 등이 중단되고 단순 배너광고 정도로 서비스 수준이 낮아지면, 입점 보험사들도 카카오페이와의 협력관계를 유지할 유인이 줄어들게 된다. 다른 금융상품도 역시 이와 비슷한 수순을 밟을 수밖에 없어 수익률 저하로 이어질 것으로 보인다. 여기다 최근에는 사업구조의 본질이라 할 수 있는 간편결제 서비스 수수료 문제까지 불거지고 있다. 더불어민주당 김한정 의원실에 따르면 지난달 말 기준 카카오페이의 가맹점 수수료율은 2.0%~3.2%, 네이버페이는 2.2%~3.63% 수준으로 신용카드사의 가맹점 수수료율(0.8~2.3%)보다 1%가량 높다. 특히 연 매출 3억 원 이하 영세 가맹점에 적용하는 최저 수수료율은 신용카드보다 약 2~3배가량 높았다. 카드사는 여신금융전문법에 따라 수수료율 산정에 있어 금융당국의 엄격한 규제를 받고 있다는 점에서 현재 관련 규제가 없는 간편결제 역시 언제든 규제의 틀 안으로 들어올 수 있다. 이같은 움직임은 수익률 저하로 이어질 수밖에 없다. 특히, 가뜩이나 기업가치 평가 문제로 계속 지연되고 있는 카카오페이 상장에도 부정적인 영향을 미칠 수밖에 없다. 한 자본시장 관계자는 ""카카오뱅크에 이어 카카오페이 상장도 흥행시켜 다시 사업확장에 쓰려던 계획에 수정이 불가피하다""고 평가했다. 카카오페이뿐만 아니라 인터넷전문은행으로 은산분리(산업자본의 은행 소유 금지) 원칙까지 깨며 설립허가를 내줬던 카카오뱅크 앞에도 역시 규제의 칼날이 버티고 있다. 카카오뱅크는 출범 2년 만에 흑자전환에 성공한 지 올해 상반기에만 1159억 원의 당기순이익을 올리며 급속한 성장세를 이어가고 있다. 이에 지난 8월에는 코스피 상장과 동시에 압도적인 금융사 시가총액 1위에 올라서며 그 가치를 인정받고 있다. 카카오뱅크의 가치가 시장에서 높게 평가받고 있는 이유는 카카오라는 강력한 플랫폼을 기반으로 한 성장성이고 이를 이어가기 위해서는 현재 여·수신에 국한된 영역을 크게 확장해야 한다. 이를 통한 수익다변화가 시장이 원하는 그림이지만 그 앞에는 강력한 금융규제가 버티고 서있다. 실제로 인터넷은행 허가 취지에 맞게 위험성이 높더라도 중·저신용자 대상 중금리 상품 비중을 늘리라는 금융당국의 압박은 날로 거세지고 있다. 또 가계대출 관리에 따라 주력 상품인 신용대출과 마이너스대출 한도를 축소하는 등 카카오뱅크도 사업 확장은커녕 기존 시중은행과 마찬가지로 금융당국의 눈치를 보는 형편이다. 고승범 금융위원장은 지난 9일 빅테크 기업에 대한 금융규제와 관련해 ""금융위 입장에서는 '동일기능 동일규제'를 여러차례 언급했다""며 ""앞으로 이러한 원칙을 지켜나갈 것""이라고 말했다. 한 금융권 관계자는 ""카카오가 혁신을 내세워 금융 분야에서도 급속하게 성장했지만 이제 금융정책의 패러다임이 혁신에서 소비자보호로 옮겨가고 있는 느낌""이라며 ""소비자보호 측면에서 금융규제가 더 강해질 수밖에 없고, 그동안 규제 사각지대에서 성장해왔던 카카오도 결국은 금융이 왜 규제산업인지를 체감하게 될 것""이라고 말했다."
2021.09.21.,'베이징 속 미국' 세계 최대 베이징 유니버셜스튜디오 오픈,https://n.news.naver.com/mnews/article/079/0003555180?sid=104,"핵심요약20일 오전 베이징 유니버셜스튜디오 정식 개장 7개 테마관 갖춘 세계 최대 미국식 놀이시설비싼 입장권 …최대 13만 원, VIP티켓은 21만 원""2명 와서 100만 원 정도 쓴 것 같아"" …카카오프렌즈도 입점베이징 유니버설 스튜디오. 중국청년망 캡처지금까지 중국의 수도 베이징을 대표하는 상징은 자금성과 톈안먼광장, 창청(만리장성) 등이었지만 이제 한 곳이 추가되게 됐다. 세계 최대의 테마파크인 베이징 유니버셜 스튜디오가 중추절 연휴를 맞아 20일 정식으로 개장했기 때문이다. 당초 이날 12시에 문을 열 예정이던 베이징 유니버셜 리조트가 시간을 앞당겨 오전 11시 10분에 문을 열자 빗속에서도 줄을 서서 기다리던 관람객들이 환호성을 지르며 앞 다투어 입장했다. 앞서 지난 14일 0시부터 발매를 시작하자 개장일 입장권이 1분 만에 매진되는 기록을 세우기도 했다. 가격은 비수기와 성수기, 주중, 특정일 가격이 다른데 최저 418위안(약 7만 5천 원)에서 최대 748위안(13만 원)으로 비싼 편이고 테마파크 안에서 음식과 음료수를 먹고 기념품을 사는데도 상당한 돈이 들어 웬만한 베이징의 서민들은 큰맘을 먹어야 갈 수 있는 곳이다. VIP 티켓은 1200위안(약 21만 원)이나 된다. 한 관광객은 CCTV와 인터뷰에서 ""2명이 왔는데 거의 5~6천위안(90~1080만 원) 들었다""고 말했다. 중국 네티즌들 사이에서는 2~3위안이면 살 수 있는 생수 한 병에 15위안이나 한다며 너무 비싸다는 의견과 유명 관광지는 대부분 그런 거 아니냐는 반론이 부딪히면서 논란이 일기도 했다. 베이징 유니버설 스튜디오. 연합뉴스정치·군사·외교·경제 등 각 방면에서 미중 갈등이 고조되고 있지만 베이징 유니버셜스튜디오는 미국 분위기를 물씬 풍긴다. 해리포터, 트랜스포머, 쥐라기공원, 미니언즈, 워터월드 등 헐리우드식 테마에 쿵푸팬더 등 중국식도 가미되었다. 쿵푸팬더도 미국에서 개봉한 애니메이션임을 감안하면 베이징에 들어선 작은 미국이라고 할 수 있다. 시범 개장 때 미리 베이징 유니버셜스튜디오를 체험한 한 한인은 ""규모가 상당하지만 직원들의 서비스는 한국을 따라가지 못하는 것 같다. 아직은 우리가 먹고살게 있구나 하는 생각이 들었다""고 말했다. 베이징 유니버셜스튜디오에는 카카오 프랜즈 매장도 입점했다. 베이징 유니버설 스튜디오. 중국청년망 캡처베이징 유니버셜스튜디오는 오사카·싱가포르에 이어 아시아에서 3번째, 전 세계에서는 5번째로 세워졌지만 규모면에서는 단연 으뜸이다. 계획은 무려 4㎢인데 에버랜드가 0.6㎢, 상하이 디즈니랜드가 1.16㎢이다. 2001년에 계약이 체결되었지만 공사의 첫 삽은 2014년에 뜨여졌다. 미국 유니버설 측이 70%, 중국 서우환 등 베이징시 국유기업이 30%의 비율로 투자했는데 지금까지 9조 원 이상이 든 것으로 전해진다. 베이징 유니버셜스튜디오는 상하이 디즈니랜드와 쌍벽을 이루며 중국인들과 코로나19 정상화 이후 외국 관광객 유치 경쟁을 벌일 것으로 보인다."
2021.09.21.,명절 거부한 며느리에게 시아버지가 건넨 뜻밖의 말,https://n.news.naver.com/mnews/article/047/0002327222?sid=103,"막걸리 회동에서 알게 된 서로의 진심... 전통과 관습의 바깥에서 가족이 되어가는 중입니다【오마이뉴스의 모토는 '모든 시민은 기자다'입니다. 시민 개인의 일상을 소재로 한 '사는 이야기'도 뉴스로 싣고 있습니다. 당신의 살아가는 이야기가 오마이뉴스에 오면 뉴스가 됩니다. 당신의 이야기를 들려주세요.】        ▲  사진은 카카오TV 드라마 <며느라기>의 한 장면            ⓒ 카카오TV  결혼 후 첫 명절의 기억은 꽤 선명하다. 저녁 무렵에 남편의 큰집에 도착했고, 문득 고개를 들어서 깜깜한 밤하늘을 바라보니 별빛이 알알이 박혀 있었다. 낯선 시골에서의 낯선 공기, 낯선 별빛까지 모든 게 생소했다. 우리 집은 명절에 친척들이 거의 모이지 않아 가족끼리 간단하게 지내는 편이라서, 식구가 많은 남편 쪽 명절 풍경은 더더욱 낯설었다. 거의 스무 명 가까운 친척들이 북적거리는 와중에 남자들은 자리에 앉아 술을 마시기 시작했고, 여자들은 부엌에서 음식을 만들거나 날랐다. 어릴 때 티브이에서나 보던 전형적인 명절 풍경 속에서 나는 어디에도 끼지 못하고 이방인처럼 앉아 있었다. 내 친척들과도 부대끼지 않고 지냈는데 결혼식 이후 처음 보는 낯선 사람들과 이제 한가족이 됐다는 실감을 할 수는 없었다. 나는 그냥 이번에 이 집안의 장손과 결혼한 새로운 며느리라는 역할로 참석한 것이었다. 내가 사교성이 없는 게 문제였는지도 모르겠지만, 명절을 지내러 온 며느리라는 것은 생전 처음 겪어보는 어색하고 불편한 역할이었다. 남편과 결혼한 것이 나를 지우고 남편 가족의 세계에 준비된 자리로 들어서겠다는 약속은 아니었다. 언뜻 보기에도 남녀의 성 역할이 극명하게 나뉘어 있는 그 공간에선 남편의 곁에 가만히 앉아 있는 것도 불편했다. 그렇다고 '며느리 역할'을 하기 위해 부엌에서 서성이며 싹싹하게 일손을 돕는 것도 할 수 없었다.그때 이미 나는 언뜻 깨달은 것 같다. 이 공간에서 어떤 선택을 해도 편안해질 수 없다는 걸. 나에게는 선택권이 없고, 할 수 있는 건 '편하게 있으라'고 속 모르는 말을 하는 남편을 흘깃 미워하는 것뿐이었다. 나는 남편과의 결합이 개별적인 작은 교집합을 만드는 일이라고 여겼기 때문에, 그 안에 서로의 가족 문화까지 성큼 받아들이는 것이 쉽지 않았다. 지금은 수줍고 어려서 그렇지, 언젠가는 시어머니에게 이 모든 역할을 물려받을 것이라고 시아버지는 믿는다. 그런 분에게 내가 남편과 평등한 존재라는 것을 끊임없이 주장하고 증명해야 한다는 것도 당황스러웠다. 명절을 한번 보내고 나서 순식간에 명절을 싫어하게 됐다. 명절이 한 달쯤 뒤로 다가오면 남편 얼굴만 봐도 괜히 투덜거리고 싶어졌다. 이혼을 하지 않는다면 명절은 앞으로 몇십 년 동안 주기적으로 겪어야 하는 행사였다. 평생 1년에 두어 달을 이런 식으로 살아갈 수는 없을 것 같았다. 명절을 거부하기로 결정했다 몇 년 전부터 명절을 비롯해 가고 싶지 않은 장소에는 웬만하면 가지 않겠다고 혼자서 결정했다. 내가 꼭 필요한 자리가 아니라면, 가고 싶지 않은 결혼식이나 만나고 싶은 사람이 없는 모임 같은 데에 굳이 가지 않아도 별다른 문제는 생기지 않았다. 하지만 물론 명절처럼 온 국민이 합의하고 있는 문화에 참석하지 않는 일은 조금 다를 것이다. 결혼을 하면 며느리가 되고, 며느리는 남편 쪽의 명절에 우선적으로 참여하게 된다. 문제는 이 과정에서 스트레스를 받는 여성들이 많다는 점이다. 남편 집안의 명절 행사에 참여하는 것은, '긴 거리를 운전하느라 피곤'해진다든가 '내 조상을 위해 벌초'하는 것과는 결이 조금 다르다. 단순히 명절이라는 축제에 참여하는 것이 아니라, 남성은 명절 당일에 조상을 모시고 여성은 그 행사를 위해 보조적인 노동을 수행하는 불평등한 위치에 서게 되기 때문이다.양가 어디를 가든 노동의 총량은 비슷하더라도, '시가 먼저'가 아니라 '양가 번갈아서'를 주장하는 여성들이 늘어나는 것도 그 때문일 것이다. 동등한 위치에서 결혼한 배우자와 성별로 인한 불평등한 현실을 확인하는 것 자체가 노동을 떠나 부부 관계에 퇴행적인 요소가 될 수밖에 없다. 관습을 깨면 어떤 일이 생길까. 관습이라는 것도 결국 사람이 만든 것이고, 게다가 구체적으로 들여다보면 집집마다 그 형태도 다르다. 여건에 따라 무엇은 생략하고, 무엇은 더해지기도 한다. 알고 보면 꼭 지켜야 하는 절대 법칙 같은 것은 존재하지 않는 것이다.물론 어떤 전통은 가치 있지만, 그것이 누군가의 불합리한 희생을 바탕으로 한 불평등한 전통이라면 바뀌어야 한다. 변화에는 불편함이 따를 수 있지만, 그 불편과 갈등을 바탕으로 우리의 삶이 조금 더 편안하고 행복한 방향으로 바뀔 수 있다면 다음 세대에는 분명 의미 있는 갈등이 아닐까. 하고 싶지 않은 일을 결혼했기 때문에 억지로라도 해야 한다고 받아들이며 스트레스를 받고 있다면, 한 번쯤 내가 명절을 어떻게 보내고 싶은지 스스로 고민하고 저울질을 해보는 것도 괜찮지 않을까 싶다.온국민이 한자리에서 토론할 수는 없겠지만, 명절을 거부했을 때 생길 수 있는 최악의 상황과 명절을 그대로 따랐을 때 내 마음에 생기는 불편함을 재어보는 것이다. 어떤 이유에 따라 내가 무게를 두고 결정한 선택이라면, 그 안에서 또 다른 해결책을 찾으며 조금씩 나아질 수 있지 않을까. 관습을 거부했을 때 나에게 생긴 일              ▲  명절에 참석하지 않을 뿐 시부모님과 왕래를 하지 않는 것은 아니다. 얼마 전에 시아버지는 나와 막걸리를 마셨다.            ⓒ flickr  명절에 시가에 가지 않는다고 하면 시부모님의 반응이 어땠느냐는 질문을 가장 많이 받는다. 시아버지는 관습을 지키면서 살아가는 것이 무난한 삶이 아니겠느냐 물으셨고, 나는 다음 세대에는 좀 더 평등한 전통을 물려주고 싶다고 답했다. 사실 내 성격상 아니라고 생각하는 문제에 대해서는 부가적으로 생기는 상황을 흔들림 없이 넘기는 편이다. 각자가 자신이 원하는 일을, 또 자신이 결정한 일을 하며 살아가기 마련이라고 여기기 때문이다. 사람마다 다르겠지만, 모두에게 좋은 게 좋은 거라고 둥글게 살아가는 것이 불편한 나에게는, 누군가 나를 싫어하게 되더라도 오히려 명절을 거부하는 것이 마음 편한 결정이었다. 명절에 참석하지 않을 뿐 시부모님과 왕래를 하지 않는 것은 아니다. 얼마 전에 시아버지는 나와 막걸리를 마시면서 그런 말씀을 하셨다. 형제도 많고 제사도 많은 집안에서 시어머니가 잘 적응해서 살아왔으니, 나도 자연히 그렇게 될 줄 알았다고. 그런데 그게 나에게는 힘들 수도 있는 건데, 그걸 몰라줘서 미안하다고. 뜻밖의 말씀에 놀라기도 하고 감사하기도 했다. 남편 쪽의 명절 문화를 내가 바꿀 수도 없고, 바꾸려고 노력할 생각도 없다. 하지만 내가 그 문화에 편입돼야 했다면 나는 그와 관계된 사람들을 미워했을 것이다. 개개인이 어떤 사람인지와 상관없이 말이다.나 자신을 위한 선택이라는 게 이기적인 것으로 보일 수도 있겠지만, 적어도 나와 남편에게, 그리고 나와 시부모님의 관계에는 오히려 진짜 가족이 되는 길에 가깝다는 생각이 든다. 남녀의 역할을 명시하는 명절 문화 바깥에서 우리는 서로를 더 입체적으로 알아갈 수 있을지도 모른다.덧붙이는 글 | 이 기사는 개인 브런치(https://brunch.co.kr/@cats-day)에도 실립니다."
2021.09.21.,요즘같은 때 2.7억을 신용대출? 직장인들 10월만 기다린다,https://n.news.naver.com/mnews/article/025/0003136414?sid=101,"직장인 박모(33)씨는 토스뱅크(토뱅)가 문을 여는 10월 초만 기다리고 있다. 카카오뱅크(카뱅)에서 개설한 한도 1억원의 마이너스통장 금리가 지난 6월 연 2.6%에서 3.6%로 훌쩍 올라서다.      김씨는 “카뱅이 최근 금리를 지나치게 올려 다른 은행 대출로 갈아타고 싶은데 한도나 금리가 마땅치 않다”며 “토스뱅크는 시장 안착을 위해 초기에 대출 한도나 금리 조건이 좋을 것 같아 기대하고 있다”고 말했다.       토스뱅크가 10월 초 출범하며 인터텟전문은행 간의 경쟁도 치열해질 전망이다. 서울 강남구 토스뱅크 사무실의 모습. 연합뉴스       케이뱅크(케뱅)와 카카오뱅크에 이어 토스뱅크가 다음 달 5일 공식 출범하며 인터넷전문은행 삼국시대의 막이 오르게 됐다. 신용대출 한도가 줄고 금리가 줄줄이 오르는 상황에서 비대면 신용대출 상품이 주력인 인터넷은행의 대출 빼앗기 경쟁 등도 본격화할 전망이다. 금융당국의 대출 규제 강화와 중·저신용자 대출 확대 압박이 변수로 작용할 수 있다.      토뱅 홈페이지에 게시된 신용대출 상품 설명에 따르면 신용대출 한도는 2억7000만원이고, 금리는 연 2.75~15%이다. 신용대출 한도만 놓고 보면 시중은행 중 가장 높은 수준이다. 토스 관계자는 “마케팅 비용 등 다른 비용을 절감해 소비자에게 금리 혜택을 주는 게 목표”라고 말했다. 다만 대출 한도나 금리는 정식 상품 출시 때 조정될 가능성이 높다고 한다.      인터넷전문은행 신용대출 비교. 그래픽=김영옥 기자 yesok@joongang.co.kr           토뱅은 신생 은행인 만큼 대출 증가 총량 규제나 각종 자본 건전성 규제에서 비교적 자유로운 상태다. 출범 후 낮은 금리 등을 앞세워 공격적인 영업을 할 가능성도 높다.       이베스트증권 전배승 연구원은 ""토스뱅크는 영업개시 이후 공격적인 성장 전략을 펼칠 것으로 예상된다""며 “금융소비자의 금리 민감도가 높고, 대출 총량 규제가 강화되는 상황에서 가격과 편의성을 앞세운 신규 진입자의 출현은 기존 은행권의 수익성에 부담요인이 될 것""이라고 말했다.      문제는 신용대출을 중심으로 강화되고 있는 금융당국의 규제다. 신용대출 한도 등에 제한을 받을 경우 카뱅 등 인터넷은행의 성장 토대가 됐던 고신용자 대상 신용대출 확보가 어려워진다. 금융당국 관계자는 토뱅이 현재 홈페이지 등에 게시한 대출 한도에 대해 “신용대출은 각 시중은행도 연 소득 이내로 관리하는 걸로 안다”고 말했다. 동참을 에둘러 권한 듯한 모양새다.        중·저신용자 대출 비중 확대 계획. 그래픽=김영옥 기자 yesok@joongang.co.kr           케뱅도 토뱅과 비슷한 고민을 안고 있다. 케뱅은 카뱅을 비롯한 시중은행의 신용대출 관리에 따른 풍선효과의 수혜를 톡톡히 봤다. 케뱅은 직장인 신용대출 한도(최대 2억5000만원)와 마이너스통장 한도(1억5000만원)를 아직 조정하지 않고 있다.       높은 한도가 입소문이 나며 대출 잔액도 큰 폭으로 늘었다. 케뱅의 가계대출 잔액은 지난해 말 2조9900억원에서 지난달 말 5조7200억원으로 1년 사이 91.3%(2조7300억원) 증가했다. 다만 케뱅도 신용대출 한도를 연 소득 이내로 줄이기로 방침을 정하고 시기를 검토하고 있다.        선두주자인 카뱅은 중·저신용자 대출 확대가 발등에 떨어진 불이다. 카뱅은 금융위에 지난해 말 10.2%였던 중·저신용자 대상 신용대출 비중을 올해 안에 20.8%로 확대하겠다고 밝혔다. 해당 목표치를 달성하지 못할 경우 대주주인 카카오의 금융권 신사업 진출 때 불이익을 받게 된다.        카뱅은 목표치 달성을 위해 고신용자 신용대출 한도를 대폭 축소하고, 대출 금리를 올렸다. 일반 신용대출 한도를 7000만원에서 5000만원으로, 마이너스 통장대출은 5000만원에서 3000만원으로 줄였다. 은행연합회 공시에 따르면 신용대출 평균 금리는 올해 1월에 연 2.77%(신용등급 1~2등급)에서 7월 연 3.31%로 올랐다.        토스뱅크가 다음달 출범을 앞두고 이용자들을 미리 모집하는 ‘사전신청접수’를 진행하고 있다. 연 2% 이자를 주는 수시입출금 통장은 5일 만에 65만명에 사전접수를 했다. 토스뱅크       문턱이 높아지는 고신용자 대출과 달리 중·저신용자 대출 시장에서는 고객 확보를 위한 인터넷은행의 경쟁이 치열하게 벌어지고 있다. 케뱅은 중·저신용자 대출은 한도를 1억원으로 유지하고, 지난 16일부터 10월 말까지 새로 대출받는 중·저신용자의 두 달 치 대출이자를 대신 내준다. 케뱅은 6월 말 현재 15.5%인 중·저신용자 대출 비중을 올해 말까지 21.5%로 맞춰야 한다.       토뱅은 출범 첫해부터 중·저신용자 대출 비중을 34.9%로 높게 잡았다. 토뱅 관계자는 “그동안 간편결제 등으로 쌓인 데이터 등을 토대로 신용심사를 정교화해 낮은 금리로 대출을 제공할 수 있을 것”이라고 말했다.        나이스신용평가 박선지 선임연구원은 “중·저신용자 대출 확대에 따른 평균 대출금리 상승은 단기적으로 인터넷전문은행의 이자 손익에 긍정적 영향을 줄 수 있지만 중장기적으로는 수익성과 자산 건전성에 악영향을 가져올 가능성이 있다”고 말했다."
2021.09.21.,"[외신이 본 한국]한국의 빅테크 규제, 중국과 무엇이 다른가",https://n.news.naver.com/mnews/article/018/0005042115?sid=101,"블룸버그 사설 “韓·中, 빅테크 규제 비슷해 보여”中, 텐센트·알리바바부터 사교육 등 전방위 규제韓, 구글갑질방지법 통과…자국 카카오에도 칼날시진핑, 자국 거물과 적극 싸워…韓은 신생 기업 공격[이데일리 김무연 기자] 최근 중국 당국은 자국의 다양한 산업에 광범위하고 강도 높은 규제를 실현하고 있습니다. 당장 사교육을 금지해 새롭게 떠오르던 교육 시장은 붕괴될 위기에 처했고, 게임도 청소년의 접근을 극히 제한하면서 암울한 상황입니다. 텐센트와 알리바바 로고(사진=각 사) 블룸버그 “韓·中, 모두 빅테크 규제에 집중” 중국의 빅테크 때리기는 이미 오래된 관행처럼 자리잡았습니다. 지난해 마윈 알리바바 창업자가 중국 금융당국의 규제를 비판했다가 알리바바그룹의 계열사 앤트그룹의 상장이 전격 무산됐습니다. 당국의 만류에도 뉴욕증시를 택했던 차량 공유업체 디디추싱은 상장 폐지를 검토 중입니다. 텐센트는 자사 메시징 앱 ‘위챗’에 경쟁사인 알리바바의 알리페이를 사용할 수 있도록 바꾸고 있습니다.빅테크 조이기가 과연 중국에서만 벌어지고 있을까요? 지난달 31일 우리나라에서도 구글이나 애플 같은 글로벌 앱마켓 사업자의 자사 결제 시스템 사용(인앱결제) 강제를 막는 ‘전기통신사업법 개정안’(일명 구글갑질방지법)이 국회를 통과했습니다. 그동안 빅테크 기업은 인앱결제를 강조하면서 앱 구매 시 15~30% 가까운 수수료를 부과해 큰 이득을 취해왔단 이유에서입니다.다만, 외신이 볼 땐 중국과 한국의 모습은 비슷하면서도 차이가 있다고 보고 있습니다. 빅 테크 기업에 강력한 칼을 들이대는 것은 비슷하지만, 전통적인 강자로 여겨지는 대기업을 두고는 다른 모습을 보이고 있다고 블룸버그는 사설을 통해 꼬집고 있습니다.카카오페이(사진=이데일리DB) 규제당국의 칼날에 카카오 직격타블룸버그는 한국의 빅 테크 규제가 글로벌 기업 뿐아니라 자국 기업을 상대로 전방위적으로 벌어지고 있다는 점에서 중국과 유사하다고 설명했습니다. 통신은 한국 최대 인터넷 및 메시지 제공업체인 카카오와 네이버가 △시장 지배력 △주식 가치 △핀테크 제품 제공 등 여러 가지 이유로 국회, 반독점 규제당국, 금융당국으로부터 압박을 받고 있다고 전했습니다.실제로 지난 7일 금융당국은 지난 7일 금융위원회는 온라인 금융플랫폼 기업의 금융상품 비교·추천 서비스를 금융소비자보호법상 ‘투자 중개 행위’로 보고 24일까지 서비스를 중단하거나 중개업자로 등록할 것을 요구했습니다. 이에 따라 카카오의 주요 계열사 카카오페이는 손해보험사의 자동차 보험 비교 서비스를 종료하는 등 대응에 나섰습니다.여기에 카카오의 문어발식 확장에도 비판의 목소리가 커지고 있습니다. 결국 카카오는 골목상권과 경쟁하는 업종(꽃, 간식 배달)에서 손을 뗄 것이라고 밝혔습니다. 또한 카카오 모빌리티의 택시 유료 호출 서비스도 폐지하고 5년 간 상생자금 3000억원을 조성하기로 했습니다. 정부의 빅테크 때리기와 이어지는 기업의 항복. 중국의 모습과 흡사합니다.시진핑 중국 국가주석(사진=AFP) 재벌 건드리지 못하는 한국, 시진핑과 다르다이에 대해 블룸버그는 중국과 한국 간엔 큰 차이가 있다고 꼬집었습니다. 중국이 옥죄는 알리바바와 텐센트의 경우 국가 경제를 좌우하는 거대 기업입니다. 반면 카카오는 한국 사회에서 널리 사용되는 서비스를 제공하지만 중국, 미국의 빅테크 기업에 비해 규모는 물론 영향력도 미약하다는 겁니다.외려 불름버그는 한국의 재벌 문제를 꺼내들면서, 삼성이나 LG에 비하면 카카오, 네이버는 미미한 존재라고 규정했습니다. 카카오, 네이버 등 플랫폼 기업을 규제하는 것이 갑작스럽게 진행되는 일이 아닐 수 있지만, 정치권에선 젊은 기업을 공격하는 것이 재벌과의 고착된 이해관계를 해결하는 것보다 훨씬 쉽다고 느꼈을 것이라고 블룸버그는 봤습니다. 그러면서 이재용 삼성 부회장의 가석방을 언급했습니다. 블룸버그는 시진핑 중국 주석은 거물급 인사를 공격하는데 주저함이 없는데 반해 한국의 규제당국은 이에 소극적이라고 비판했습니다. 알리바바의 경우 기업가치가 8600억달러(약 1011조원)에 달했지만, 시 주석의 규제 이후 이중 절반이 공중분해 됐습니다. 블룸버그는 한국의 규제가 보여주는 것은 재벌과 다툼을 피하는 차이점일 뿐이라고 강조했습니다."
2021.09.21.,"슈카×김프로, 투자 누적 수익률 공개?! (개미뚠뚠)",https://n.news.naver.com/mnews/article/144/0000762869?sid=106,<구조 다름>
2021.09.21.,"'톡터뷰' 츄 ""모두에게 사랑받고 싶었지만 어려워"" 속깊은 고민 탈탈",https://n.news.naver.com/mnews/article/468/0000790245?sid=106,<구조 다름>
2021.09.21.,DC·마블까지 동원한 ‘네카오’ 콘텐츠 전쟁···골목상권 논란으로 불붙는다,https://n.news.naver.com/mnews/article/011/0003964573?sid=105,"국내 사업 쪼그라든 카카오 “글로벌 비즈니스 강화”웹툰·웺소설 선봉장···북미 웹툰 플랫폼 등 인수합병DC·마블코믹스까지 동원해···소리 없는 신경전 벌여성공한 웹툰 드라마 등 이어지는 밸류체인 구축 사활카카오엔터테인먼트의 해외 콘텐츠 사업 첨병에 위치한 글로벌 인력 지도/사진제공=카카오[서울경제] 골목상권 침해 논란 이후 국내 사업에서 한발 후퇴하게 된 카카오가 웹툰·웹소설 등을 필두로 한 글로벌 콘텐츠 시장에서 활로를 찾는다. 이에 세계를 무대로 한 네이버와 카카오의 콘텐츠 전쟁도 한층 첨예해질 것으로 전망된다. 최근 양사는 북미 시장, 나아가 세계 시장에서 소구력이 높은 DC코믹스 등 세계적인 지적재산권(IP)을 차용하거나 북미 업계에서 잔뼈가 굵은 인재들을 적극 영입하면서 글로벌 시장 공략에 나서고 있다.국내 대형 플랫폼 기업들이 정치권, 관련 업계 등으로부터 골목상권 생계를 위협한다는 사회적 질타를 받자 카카오는 지난 14일 상생 방안을 내놓고 수습에 나섰다. 이날 대책에는 일부 사업 철수 및 기금 조성과 함께 “북미, 동남아, 일본 등 글로벌 비즈니스 강화” 방안이 포함됐다. 논란이 된 택시, 대리운전, 헤어샵 등 업종에서 수익성 악화가 불가피해지자 글로벌 콘텐츠 시장 공략에 더욱 박차를 가하겠다는 뜻으로 읽힌다. 카카오가 일찍이 역량을 집중해 온 글로벌 콘텐츠 사업은 골목상권 이슈에서도 안전하며 시장 잠재력 역시 크다. 최근 들어 카카오는 물론 네이버 역시 콘텐츠 분야에서 광폭의 인수합병 행보를 이어가고 있다. 카카오는 북미 웹툰 플랫폼 ‘타파스’와 웹소설 플랫폼 ‘래디쉬’를 인수했고 이에 질세라 네이버 역시 북미 웹소설 플랫폼 ‘왓패드’와 웹툰 플랫폼 ‘태피툰’을 품에 안았다. 업계에서는 이들이 국내산 IP로 일본 및 동남아 시장에 대한 적지 않은 지배력을 확보하자, 이제는 잠재력이 높고 영어를 사용해 비교적 언어 장벽도 낮은 북미 시장으로 눈을 돌리고 있는 것으로 보고 있다.글로벌 비즈니스 강화를 공언한 지 이틀 만인 지난 16일 카카오는 자신들의 글로벌 사업 첨병에 포진한 화려한 이력의 인재들을 과시했다. 카카오는 타파스의 최고 크리에이티브 책임자(CCO) 자리에 미셸 웰스가 올해 초 취임했다고 소개했다. 그는 월트디즈니와 DC엔터테인먼트 부사장 직을 지낸 인물로 현재 북미 현지 오리지널 웹툰 IP 제작을 총괄하고 있다. 이밖에 타파스 편집장인 제이미 리치(Jamie S. Rich)는 ‘배트맨’, ‘원더우먼’, ‘슈퍼맨’ 등을 배출한 DC코믹스의 편집장을 맡았던 인물이다. 타파스에서 오리지널 IP를 영상화하는 전략을 총괄하는 케빈 니콜라스(Kevin Nicklaus)는 워너 브라더스와 소니픽쳐스를 거쳤다.네이버웹툰과 DC코믹스가 슈퍼캐스팅의 일환으로 공개한 첫 웹툰 ‘배트맨: 웨인 패밀리 어드벤처’(Batman: Wayne Family Adventures)/사진제공=네이버웹툰카카오가 화려한 라인업을 과시한 것은 네이버를 의식한 견제구라는 분석도 나온다. 카카오가 DC코믹스 등에서 경험을 쌓은 인재들을 공개했다면, 앞서 네이버는 DC코믹스와 제휴를 맺고 배트맨 시리즈 등 슈퍼 IP를 활용해 기존에 없는 새로운 스토리라인의 웹툰을 제작하는 ‘슈퍼캐스팅’ 프로젝트를 발표했다. 네이버 측은 “이미 나온 작품을 웹툰화하는 기존의 경우와 달리 슈퍼 IP의 세계관, 캐릭터들이 오리지널 웹툰으로 만들어지는 업계 최초의 시도”라고 차별성을 강조했다. 네이버는 슈퍼캐스팅 이전에도 마블코믹스의 만화를 웹툰화해 플랫폼에서 제공해왔다. 최근에는 영화 ‘샹치와 텐링즈의 전설’ 개봉에 맞춰 샹치를 공개하기도 했다.네이버, 카카오가 천문학적 금액을 들여 공격적인 투자 및 인수합병을 감행하는 것은 슈퍼 콘텐츠로 이어질 수 있는 IP 풀을 확보하기 위한 가장 효과적인 방법이기 때문이다. 성공한 IP는 웹툰, 웹소설, 영화 등으로 다양하게 소비되며 막대한 이익을 가져다준다. 각 사가 IP 확보에 사활을 거는 것은 물론 밸류체인을 구축하기 위해 웹툰·웹소설·영상 제작 등 여러 기능을 통합해나가는 이유다. 최근 큰 인기를 끈 드라마 ‘이태원 클라쓰’, ‘스위트홈’도 모두 웹툰에서 시작됐다. 최근에는 웹소설 플랫폼에 대한 통합이 적극적으로 이뤄지고 있는 만큼 향후 웹소설에서 시작된 영화나 드라마들도 더 자주 만나게 될 날이 머지 않을 것으로 전망된다."
2021.09.21.,[뉴스광장 영상] 부소담악,https://n.news.naver.com/mnews/article/056/0011123926?sid=102,■ 제보하기▷ 카카오톡 : 'KBS제보' 검색▷ 전화 : 02-781-1234▷ 이메일 : kbs1234@kbs.co.kr▷ 뉴스홈페이지 : https://goo.gl/4bWbkG
2021.09.21.,검색노출기준 공개·독점 판단기준 제정 추진하는 공정위…플랫폼 규제 강화 탄력 받나,https://n.news.naver.com/mnews/article/277/0004972149?sid=101,"공정위, 내달 '온라인플랫폼 분야 단독행위 심사지침' 발표플랫폼 국감 계기로 규제 강화 여론 확산되면 온플법 제정 가능성 커져최근 '카카오 갑질 사건' 등을 계기로 온라인 플랫폼 규제를 강화하기 위한 제도 마련 작업에 공정거래위원회가 속도를 내고 있다. 앞서 공정위는 플랫폼과 점업체간의 거래관계를 규율하는 '온라인 플랫폼 중개거래의 공정화에 관한 법률' 제정안을 국회에 발의하고, 소비자에 대한 플랫폼의 불공정 행위에 대한 규제를 강화하는 '전자상거래 등에서의 소비자보호에 관한 법률' 개정도 추진하고 있다. 마지막 남은 분야는 플랫폼간 벌어질 수 있는 불공정행위에 대한 규제다. 이를 위해 우선 공정위는 플랫폼의 독점 여부를 판단할 때 적용하는 '온라인플랫폼 분야 단독행위 심사지침(가칭)' 제정안을 이르면 다음달 마련해 발표할 방침이다. 플랫폼을 겨냥한 각종 규제안 마련 중 속도가 가장 빠른 셈이다.공정위가 다음 달 제정 예정인 온라인 플랫폼 심사지침의 골자는 시장지배적 사업자 판단기준을 명확히 제시하는 것이다. 공정거래법은 시장지배적 지위 남용을 금지하고 있는데 이를 규제하려면 우선 특정 사업자의 시장지배적 지위 여부를 따져야 한다. 공정거래법은 1개 기업의 점유율이 50% 넘거나, 3개 이하 기업의 점유율이 75% 이상일 때 이들을 시장지배적사업자로 추정하고 이들의 '시장지배력 남용'을 제재하고 있다. 그동안은 점유율을 따질 때 매출액을 주로 봤지만 온라인 플랫폼의 경우 매출액만으로는 실질적인 점유율을 판단하기 어렵기 때문에 앞으론 이용자수와 다운로드수, 중개건수, 보유 데이터량 등을 종합적으로 보겠다는 것이다.공정위는 온라인 플랫폼 검색노출 결과에 영향을 미치는 상품 클릭수와 판매실적, 구매평 등 구체적인 항목을 해당 플랫폼과 입점업체 간 작성하는 표준계약서에 담는 방안도 추진하고 있다. 상품 검색결과가 어떻게 소비자에게 노출되는지 구체적인 기준을 계약서에 명시하겠다는 것이다.표준계약서는 공정위가 마련해 배포하는 것으로 해당 거래분야에서 표준이 되는 약관이다. 표준계약서 사용이 강제조항은 아니지만 온플법에서 규정하고 있는 ‘계약 체결 시 포함해야 할 의무 기재사항’을 모두 담는 만큼 대부분의 플랫폼 기업은 이를 채택해 사용할 수밖에 없다.공정위는 표준계약서 필수기재항목을 정하기 위한 연구용역을 진행할 예정이다. 다만 검색 알고리즘 자체는 공개 대상이 아니라고 선을 그었다. 공정위 관계자는 ""플랫폼이 의무적으로 공개해야 할 상품 노출순서 결정기준은 국내 플랫폼 상위 기업이 이미 공개하고 있는 수준으로 정할 것""이라며 ""클릭수, 판매량 등 입점업체의 매출액을 좌우하는 핵심거래 조건을 계약서에 담아 공개하라는 것이지, 영업비밀에 해당하는 알고리즘 자체를 공개하라는 것은 아니다""고 강조했다.공정위가 온라인 플랫폼 규율을 위한 핵심 사안으로 추진하고 있는 온플법 제정도 탄력을 받을 것으로 전망된다. 국회 관계자는 ""플랫폼 노동자와 입점업체인 소상공인 보호 강화가 이슈가 되면서 이번 국정감사를 앞두고 여·야 모두 플랫폼 기업의 각종 문제점에 대한 질타를 벼르고 있다""며 ""이번 국감 이후 플랫폼 기업에 대한 부정적 기류가 확산되면 공정위가 발의한 온플법 제정 필요성도 부각될 가능성이 크다""고 말했다."
2021.09.21.,"""AI로 명확하게 세상의 문제 푸는 스타트업 찾는다""",https://n.news.naver.com/mnews/article/008/0004647384?sid=101,"[제10회 청년기업가대회 심사위원 인터뷰-김기준 카카오벤처스 부사장]""인공지능(AI)으로 명확하게 세상의 문제를 푸는 스타트업 보고 싶습니다.""제10회 청년기업가대회 심사위원으로 참여하는 김기준 카카오벤처스 부사장(사진)은 이번 대회에서 투자를 목적으로 눈여겨 볼 스타트업에 대해 이렇게 말했다. 카카오벤처스는 초기부터 성장 진입단계에 있는 웹·모바일 분야 기술기반 스타트업에 전문적으로 투자하는 카카오 계열의 투자 전문회사다. 카카오와 협력할 수 있는 체계를 구축하고 초기 스타트업의 역량 강화를 위한 밸류업 프로그램 등을 운영한다. 김 부사장은 데이블, 한국신용데이터, 마스오토, 리턴제로, 리벨리온 등 50여곳에 대한 투자에 참여했다. 기업공개(IPO)를 목전에 둔 의료 AI 스타트업 루닛과 스탠다임, 인수합병된 하이퍼센스, 체리벅스, 오올블루 등도 김 부사장의 손을 거쳤다. 그는 ""개인적으로는 딥테크 영역의 다양한 초기 스타트업에 열심히 투자하고, 회사 차원에서는 필요한 미래를 앞당기는 창업가들에게서 '되는 이유' 한 가지를 찾으며 초기 투자할 계획""이라고 밝혔다. -10회 청년기업가대회에서 투자를 목적으로 눈여겨 볼 스타트업은?▶AI로 명확하게 세상의 문제를 푸는 스타트업을 보고 싶다. 또 가상세계에서 몰입감을 높여주고 무한한 컨텐츠를 만들어 줄 수 있는 기술 스타트업에도 관심이 있고, 스페이스 테크나 뇌 공학 관련 스타트업이 있다면 열심히 보겠다. -올해 스타트업 투자의 주요 트렌드는 무엇인가?▶물류 전반적인 영역과 MZ세대를 깊이 이해하는 서비스, 그리고 여전히 AI가 차지한다. AI는 소프트웨어 온리(only)에서 하드웨어로 확장됐다. 증강현실(AR)·가상현실(VR)에서의 메타버스 확장, 디지털 치료제도 트렌드다. 실제로 리벨리온이라는 AI 칩을 설계하는 스타트업은 지난해 시드투자에 이어 다시 투자했는데 팀도 어벤저스지만 이례적으로 첫 AI Chip을 올해 안에 선보일 만큼 개발이 빨라 많은 기대가 되고 있다. -지금까지 투자한 스타트업 중에서 기억에 남는 기업을 꼽는다면?▶열손가락 깨물어 안 아픈 손가락 없지만 루닛을 꼽고 싶다. 주로 투자하는 딥테크 영역에서 교과서 같은 성장을 하고 있는 회사다. 시드투자를 포함해 5번의 투자 라운드를 함께 했기 때문에 기억이 남는다. 매우 크게 성장해 곧 IPO를 앞두고 있다. -창업가에게 가장 필요한 것은 무엇인가?▶사람과 세상에 공감하는 역량이다. 그것으로부터 문제(Pain point)를 포착하는 것에서 사업 모델이 시작되고 고객을 이해하는 것도 시작되는 것 같다. 좋은 팀을 꾸리는 것도 마찬가지다. 그 뒤에는 끈질기면서도 잘게 쪼개 가설을 검증하며 진도를 나갈 수 있도록 하는 실행력이 필요하다. -스타트업이 투자를 받을 때 고려해야 하는 부분이 있다면 무엇인가?▶'이 투자자는 나와 같은 곳을 바라보고 달릴 수 있는 파트너일까'에 대한 고민이다. 나는 나의 페이스 대로, 계획대로 투자를 받고 있는 것인가. 시장의 밸류나 투자금 등 주변 환경에 휘둘려 본래 나의 페이스를 잃지 않았는지 돌아봐야한다. -창업가에게 해주고 싶은 조언이 있다면?▶창업가들은 혁신의 확산 그래프를 시작하는 혁신가(Innovator)들이다. 믿고 바꿔야겠다고 결심한 혁신을 흔들리지 않고 밀고 나갔으면 좋겠다. -향후 투자계획은?▶개인으로서는 딥테크 영역의 다양한 초기 스타트업에 열심히 투자할 계획이다. 회사 차원에서는 필요한 미래를 앞당기는 창업가들에게서 '되는 이유' 한 가지를 찾으며 열심히 초기 투자할 계획이다. [머니투데이 미디어 액셀러레이팅 플랫폼 '유니콘팩토리']"
2021.09.21.,풍요로워야 할 한가위에 개미통장은 ‘텅텅’,url없음,<네이버 기사 없음>
2021.09.21.,"매일 무대 서는 아이돌인데 ""공연 보러 콘서트 한번도 안 가봤다"" 고백한 이달소 츄 (영상)",url없음,<네이버 기사 없음>
2021.09.21.,“카뱅 게 섯거라”..토스뱅크 2.5% 신용대출 앞세워 공세,https://n.news.naver.com/mnews/article/018/0005042072?sid=101,"국내 3호 인터넷전문은행 토스 행보 관심[이데일리 노희준 기자] “토스뱅크 역시 카카오뱅크(323410)나 케이뱅크처럼 초기에는 개인신용대출과 입출금통장과 같이 상대적으로 취급이 용이한 여수신 상품 위주로 영업에 나설 것이다.”10월부터 영업을 개시할 국내 3호 인터넷전문은행 토스뱅크의 행보에 관심이 쏠리고 있다. 이런 가운데 이베스트투자증권은 최근 보고서를 통해 토스뱅크의 향후 행보를 이같이 전망했다. 21일 보고서에 따르면, 토스뱅크는 최저 2.5%금리의 신용대출 상품출시를 준비하고 있는 것으로 알려졌다. 이는 현재 은행권의 1~2등급 평균 대출금리 대비 50bp(0.5%p)이상 낮은 수준이다.토스뱅크 수신상품의 혜택 역시 파격적이다. 우대조건 없이 수시입출식 통장에 2%의 이자를 지급한다. 아울러 실적과 무관하게 월 최대 4만6500원의 캐시백(신용카드 사용액 일부 돌려주기)이 가능한 체크카드를 한시적으로 출시했다.전배승 이베스트증권 연구원은 “인지도가 높은 젊은 층을 대상으로 적극적인 영업에 나설 가능성이 높디”며 “토스는 과거 간편송금 등 사업 확대과정에서 무료수수료와 무료서비스 제공, 타 금융회사와의 적극적 제휴 등 과감한 마케팅 전략을 통해 단기간 내 다수의 가입자 확보에 성공한 경험이 있다”고 말했다. 특히 토스뱅크는 타 은행의 가계대출 억제와 대출금리 상승환경을 신규고객 확보 및 자산성장의 기회로 적극 활용할 가능성이 높다는 관측이다. 올해 3월 기준 토스앱 내 대출 서비스를 통해 실행된 제휴사의 총여신 규모가 2조6000억원에 달하는 것으로 알려져 있다.전배승 연구원은 “현재 2500억원 자본금에 추가적으로 2000억원의 자본충원을 가정할 경우 자본비율규제를 준수하면서도 당장 4~5조원 수준까지는 무리 없이 여신성장이 가능하다”며 “토스(비바리퍼블리카)의 지분율이 34%로 이미 보유가능 한도에 도달해 있으나 기타 주주와의 협의를 통한 추가증자가 얼마든지 가능해 대출규모는 케이뱅크(6조원)를 빠르게 추격할 것”이라고 내다봤다. 인터넷전문은행의 경우 최초 3년간은 바젤3 자본규제 적용이 유예되고 바젤1의 적용을 받는다. 따라서 보통주자본비율 규제를 적용 받지 않아 증자 없이도 신종자본증권 발행 등을 통해 추가적인 외형성장을 도모할 수 있다. 레버리지비율과 유동성커버리지비율 기준에서도 상대적으로 자유로워 기존 은행 및 인터넷뱅크(카카오뱅크, 케이뱅크)에 비해 유리한 경쟁환경에 놓여있다고 볼 수 있다는 설명이다. 토스뱅크는 개인신용대출과 입출금통장 위주의 영업에 나선 후에는 소상공인대출과 전세자금대출, 신용카드 서비스 등으로 상품 라인업을 확장할 것으로 전망된다."
2021.09.21.,"‘위인전3’ 위아이, 점핑 클라이밍→고공 계단…‘운동돌’의 무한 도전",https://n.news.naver.com/mnews/article/396/0000592502?sid=106,<구조 다름>
2021.09.21.,연말 ‘일감 몰아주기 규제’ 대기업 265곳→709곳 대폭 늘어,url없음,<네이버 기사 없음>
2021.09.21.,NCT127부터 양준일까지…멜론 추석특집 오디오콘텐츠,https://n.news.naver.com/mnews/article/014/0004711812?sid=103,"[서울=뉴시스] NCT 127. 2021.09.17. (사진 = SM엔터테인먼트 제공) photo@newsis.com /사진=뉴시스  [파이낸셜뉴스] 카카오엔터테인먼트의 뮤직플랫폼 멜론은 추석을 맞아 멜론 스테이션과 플레이리스트 등에서 특집 콘텐츠를 선보인다.   멜론의 오리지널 오디오 콘텐츠 서비스 ‘멜론 스테이션’에서 22일까지 하루에 두 편씩의 새로운 방송을 공개한다.   21일 오후 6시에는 정규 3집 ‘STICKER’를 17일 발매하는 그룹 NCT 127이 SM엔터테인먼트 아티스트 전용 프로그램 ‘SMing’에 전격 출연한다. 새 앨범 수록곡의 컨셉에 맞춘 코너를 통해 다양한 고민 사연에 대한 멤버들 각자의 조언을 전하고, 텔레파시 게임을 진행하며 취향까지 솔직하게 밝히는 자리가 마련된다.   연휴 마지막 22일 밤 9시엔 아이돌의 온라인 뮤직 토크쇼 ‘DOL잔치’에 14일 미니앨범 ‘블루 레터’(Blue Letter)로 컴백한 보이그룹 몬스타엑스 출신 가수 원호가 근황을 전한다. 이번 앨범 전곡 작사, 작곡에 참여한 원호가 평소 음악적 영감을 얻는 방법 등 팬들이 궁금해할 TMI가 다채롭게 쏟아진다.   이 밖에도 21일 오전 11시 ‘조수빈의 뮤직 다이어리 시즌2’에 ‘영원한 오빠’ 가수 양준일, 22일 오후 6시 ‘이게될까?’에 스무살 래퍼 이영지가 출연한다.   이밖에 여기에 MBC와 제휴를 통하여 21일 추석특집 예능 프로그램 ‘더 마스크드 탤런트’가 끝난 후 방송에 나온 곡들로 구성한 플레이리스트를 멜론에서 단독으로 공개할 예정이다. ‘더 마스크드 탤런트’는 예능 ‘복면가왕’의 스핀오프 프로그램으로 레전드 가수 김연우와 쌈디, 제시, 이석훈 등이 판정단으로 출격한다."
2021.09.21.,"[조이人]② 이재석 PD ""'체데' 특색=실제 커플, 시즌 2에도 강조""",url없음,<네이버 기사 없음>
2021.09.21.,"""카카오 일주일 못 쓰게 해야 정신 차릴 듯"" 블라인드 '망언' 공분",url없음,<네이버 기사 없음>
2021.09.21.,[PRESS] 빌리 아일리시 - 이 2001년생은 도대체 어떤 삶을 살았길래 [도서],url없음,<네이버 기사 없음>
2021.09.21.,"SKT, 추석연휴 온라인몰서 선물 기획전…22일까지",url없음,<네이버 기사 없음>
2021.09.21.,"인터넷은행 수신금리 경쟁 심화되나…토스뱅크 ""無조건 연2% 금리""",url없음,<네이버 기사 없음>
2021.09.21.,"[추석, 카카오서 놀자] '미생' 정주행하고 '오딘' 폭업사냥 해볼까",url없음,<네이버 기사 없음>
2021.09.21.,"뉴욕증시 비트코인 와르르, 헝다그룹 끝내 디폴트 파산 이더리움 달러환율 국제유가 흔들",url없음,<네이버 기사 없음>
2021.09.21.,[정무위 국감②] 문어발식 확장 논란…도마위에 오른 플랫폼 기업,https://n.news.naver.com/mnews/article/277/0004972165?sid=101,"카카오 논란, 정무위 국감 핵심으로 떠올라'머지 사태'와 금소법 논란도 질의 이어질 듯서울 여의도 국회의사당./윤동주 기자 doso7@다음달 초 개시를 눈앞에 둔 올해 국회 정무위원회 국정감사에는 '기울어진 운동장' 논란의 중심에 선 플랫폼 기업도 주요 쟁점이 될 전망이다. 특히 문어발식 확장과 함께, 최근 논란이 된 금융소비자보호법(금소법)에 대한 관련 플랫폼 기업의 입장을 확인하고 문제점을 점검하는 자리가 될 예정이다.21일 정치권에 따르면 정무위는 지난 16일 전체회의를 열고 김범수 카카오 이사회 의장을 비롯해 강한승 쿠팡 대표, 배보찬 야놀자 대표 등을 국감 증인으로 채택했다.먼저 김범수 카카오 의장의 경우 최근 확고한 시장 지배자 지위를 바탕으로 골목 상권에 침입하고 있는 문제점에 대한 지적이 줄을 이을 것으로 보인다. 김 의장은 더불어민주당에서는 윤관석, 송재호, 오기형 의원들이, 국민의힘에서는 윤주경, 윤창현 의원들이 증인으로 신청했다.의원들은 김 의장에게 ▲플랫폼 대기업의 불공정거래 개선 ▲문어발식 사업확장과 독점적 시장구조에 따른 이용자 수수료 상승 등 ▲소비자 기만, 온라인 플랫폼시장 성장에 따른 입점업체 보호 정책 외 ▲계열사 신고누락, 경쟁 계열사 인수합병, 기업집단 현황 공시 관련 ▲공세적 기업 인수합병(M&A)로 골목상권 위협, 과도한 수수료 착취부과 구조형성 지적 등 관련한 질문에 나서겠다고 사전에 밝힌 상황이다. 이와 함께 최근 논란이 됐던 금소법과 관련한 질의도 이어질 것으로 보인다. 한 정무위 관계자는 ""금소법도 최근 큰 논란을 불러 왔었기 때문에 질문이 안 들어 갈 수 없는 상황""이라고 밝혔다.배보찬 야놀자 대표는 과도한 광고비 수수료 착취 문제가 도마위에 오를 전망이다. 강한승 쿠팡 대표는 국내 온라인 플랫폼 규제에 대한 입장을 확인 할 예정이다.대규모 환불대란을 불러온 머지포인트 사태도 뜨거운 관심을 받을 것으로 보인다. 머지포인트 같이 등록되지 않은 선불업자에 대한 관리·감독이 소홀해 소비자와 영세자영업자 피해가 커졌다는 것이 의원들의 지적이다. 이와 관련해 권남희 머지플러스 대표로 증인으로 소환된다. 업계에서는 금융당국의 관리 사각지대에 놓인 선불전자지급업자에 대한 대책 마련이 요구될 것으로 관측하고 있다. 여기에 피해자들이 소송을 진행하고 있어, 이와 관련한 의견과 함께 입장에 대해서도 집중적인 추궁할 것으로 전망된다."
2021.09.21.,"[핀테크 이모저모③] ""대출 된다구요?""…신용평가發 혁명온다",https://n.news.naver.com/mnews/article/119/0002531819?sid=101,"카카오-네이버, 비금융정보 활용모바일 기록, 성실도 측정해 반영""저신용자 포함 모든 차주가 대상""대안신용평가 모델을 개발해 금융소외계층은 물론 기존 소비자에게 더 넓은 금융기회를 제공하는 서비스를 운영하는 핀테크 기업이 늘어나고 있다. ⓒ픽사베이[데일리안 = 김민석 기자] 개인차주 신용상태를 평가하는 사업에 진출하는 핀테크 기업이 늘어나고 있다. 기존 금융권이 활용하던 상환·연체이력이 아닌 모바일, 소셜 네트워크 서비스(SNS) 등 비금융 비정형 정보를 기반으로 차주의 신용도를 재평가한 뒤 대출상품과 연결시키는 방식이다. 소비자 입장에서는 필요한 대출수요를 충족할 수 있고, 핀테크는 고객·수수료를 챙길 수 있어 윈-윈이라는 평가가 나온다.21일 금융당국과 핀테크업계에 따르면 금융위원회가 지정한 20개 핀테크 기업이 '디(D)-테스트베드' 사업 모의시험을 진행하고 있다. 디-테스트베드는 핀테크 스타트업과 예비 창업자 등이 금융권 데이터를 활용해 혁신적 기술 아이디어의 사업성과 실현가능성을 검증해볼 수 있는 환경이다. 이 가운데 신용평가 고도화 검증을 신청한 핀테크 기업은 7곳에 달했다.대안신용평가 사업의 핵심은 '금융 상품 연계'다. 금융이력이 부족해 신용등급이 낮아 대출을 거절당하거나 상품 가입이 거절된 소비자에게 새로운 기회를 제공하는 역할이다. 이에 규모가 큰 빅테크 기업뿐 아니라 소규모 자본으로 시작한 핀테크 스타트업까지 다양한 기업이 금융 소비자에게 새로운 신용점수를 부여하기 위해 나섰다.인터넷전문은행인 카카오뱅크는 대출심사에 SK·KT·LG유플러스 등 이동통신 3사가 보유한 정보를 활용한다. 아울러 자사 플랫폼에서 제공하는 서비스인 카카오선물하기, 카카오T 등에서 확보한 정보도 대출심사에 활용된다. 고정적인 통신료 납부기록이나, 소비패턴을 기반으로 차주의 상환능력을 다시 들여다보겠다는 취지에서다.아울러 카카오뱅크는 한국신용데이터와 제휴하고 각사가 보유한 데이터를 바탕으로 영업 상황을 반영한 소상공인 신용평가 모델 개발에도 나섰다. 양사는 ▲가게 단골 수 ▲입지 조건 ▲소속 상권 성장성 ▲객단가 등 유·무형 요소를 신용평가에 반영해 대출 여부를 심사한다. 영업자금 마련에 어려움을 겪던 소상공인의 숨통을 틔워주기 위해서다.네이버는 지난해 말부터 온라인 소상공인을 대상으로 한 대출상품 '스마트스토어 사업자 대출'을 운영하고 있다. 온라인 영업자나, 창업 1년 미만 사업자가 대출을 받기 위해 부족한 소득·매출 증빙 자료를 대체할 새로운 신용평가모델을 개발한 것이다. 네이버는 스마트스토어별 재구매 비율, 반품률, 이용자 후기 등을 신용평가 기준으로 삼았다. 각 데이터를 인공지능(AI)으로 분석한뒤 산출된 추정 소득으로 대출을 심사하겠다는 입장이다.지난달 25일 금융위로부터 '전문개인신용평가업' 예비인가를 의결받은 대안신용평가 전문기업 크레파스솔루션은 최초 정부 인가 비금융 정보 기반 신용평가사 등극을 눈앞에 뒀다. 크레파스솔루션은 스마트폰 충전 기록, 주요 사용 시간 및 패턴 등 정보를 중심으로 성실도를 높게 평가해 신용점수를 산출한다.하나금융그룹과 SK텔레콤이 합작한 핀테크 기업 핀크는 SK텔레콤의 통신 데이터 기반 대안 신용 평가 모델 'T스코어'를 활용한 핀크 대출 서비스를 출시해 운영 중이다. 지난달 말 기준 대출 총 누적 조회 건수 430만건이고, 총 승인 금액은 20조원을 돌파했다.핀테크 업계 관계자는 ""단순히 신용등급이 낮은 차주를 위한 서비스가 아니라 접근성이 제한적이었던 신용평가업계 시스템을 흔들자는 게 대안평가모델의 기본 방향""이라며 ""기존 고신용 차주도 이 서비스를 활용하면 더 높은 한도를 적용받을 가능성도 있는 만큼 제한적이지 않은 서비스 제공이 최종 목표다""라고 말했다."
2021.09.21.,[쌈짓돈 재테크①]예금 금리 높은 상품 뭐 있나,https://n.news.naver.com/mnews/article/003/0010730382?sid=101,"기사내용 요약은행권, 정기예금 1년 만기 기준KB·카뱅 연 1.5%, SC·케뱅은 1.4%다음달 출범하는 토뱅, 2% 주목저축은행은 최고 2.65% 금리도[서울=뉴시스] 박은비 기자 = 저금리 시대, 연 1%조차 되지 않던 은행 예금 금리가 최근 기준금리 인상 신호탄과 함께 더디지만 조금씩 오르고 있다. 추석 연휴에 생긴 쌈짓돈이 있다면 시중은행 특별판매 상품을 노리거나 인터넷전문은행 정기예금에 맡기는 것도 좋겠다.21일 은행권에 따르면 국내 주요 은행은 지난달 기준금리 인상 이후 예·적금 금리 0.05~0.40%포인트 인상한 데 이어 특별판매를 선보이고 있다.KB국민은행은 추석 명절을 맞아 지난 20일부터 다음달 3일까지 2주간 'KB 스타(Star) 정기예금 특별금리' 최고 1.5%를 제공한다. 이 상품은 인터넷뱅킹 또는 KB스타뱅킹에서 가입할 수 있는 비대면 전용 정기예금으로 개인이나 개인사업자가 대상이다. 최소 가입금액은 100만원 이상이다.▲1개월 이상 3개월 미만 0.6% ▲3개월 이상 6개월 미만 1.0%▲6개월 이상 12개월 미만 1.2% ▲12개월 이상 24개월 미만 1.4% ▲24개월 이상 36개월까지 1.5%가 적용된다.국민은행 관계자는 ""추석명절을 풍성하게 보낼 수 있도록 정기예금 특별금리 이벤트를 마련했다""며 ""코로나19로 어려움을 겪는 고객들의 자산관리에 도움이 됐으면 좋겠다""고 말했다.SC제일은행은 오는 30일까지 연 1.4%를 적용하는 1년제 퍼스트정기예금을 특별판매한다. 이달 중 영업점에 방문하는 첫 거래 개인 고객이 최소 가입금액 등 일정 조건을 갖추면 연 1.4% 이자를 받을 수 있다.100% 비대면인 인터넷은행들의 정기예금 상품도 관심 가질 만하다. 은행연합회에 따르면 현재 정기예금 금리가 가장 높은 은행은 카카오뱅크다. 1년 만기 기준 연 1.5%로 케이뱅크는 1.4%로 뒤를 이었다.다음달 초 출범을 앞둔 제3의 인터넷은행 토스뱅크는 아무 조건 없이 연 2% 금리를 제공하는 수시입출금통장을 예고해 주목받았다. 가입기간이나 예치금액 등 제한 없이 예치한 날부터 연 2% 이자를 매달 지급한다. 제2금융권에서는 상당수 저축은행 정기예금이 연 2% 중반대 금리를 적용하고 있다. 저축은행중앙회에 따르면 저축은행들의 정기예금 금리는 1년 만기 기준 1.2~2.65% 수준이다. ES저축은행과 금화저축은행이 2.65%로 가장 높은 금리를 제공한다. 그다음 상상인플러스저축은행과 우리금융저축은행이 2.62% 수준으로 집계됐다.한편 연휴 기간 각종 이벤트를 실시하는 은행도 있다. 하나은행은 지난 18일부터 5일간 스마트폰뱅킹 하나원큐 애플리케이션(앱)에서 '하나원큐 힐링 재테크'를 진행한다. 행운의 송편 뽑기, 금융 재테크하고 치킨 최대 3마리 받기, 추석 연휴 특별 우대금리 적금, CU 스타벅스 쿠폰 지급 적금 등이다. 추석 연휴 특별 우대금리 적금은 비대면으로 이(e)-플러스적금을 가입하면 연 0.5% 우대한다.신한은행은 앱 쏠(SOL)에서 윷놀이를 하면 마이신한포인트 등을 제공하는 '달토끼의 추석선물 이벤트'를 시행한다. 기간은 지난 15일부터 30일까지다. 최대 100만 마이신한포인트, 쿠팡이츠 할인쿠폰 1만원 등을 랜덤 지급한다.카카오뱅크는 오는 26일까지 '추석엔 럭키 드로우 이벤트'를 진행한다. 카카오뱅크 계좌를 보유하거나 서비스를 이용하고 있는 고객이라면 누구나 참여할 수 있다. 매일 1회 응모할 수 있으며 피자 세트 1000명, 치킨 세트 2000명, 케이크 7000명, 커피 1만명, 불닭볶음면 3만명, 바나나맛 우유 5만명 등 총 10만명을 추첨한다．"
2021.09.21.,"1차접종 3천652만여명, 인구의 71.1%…3천161명 잔여백신 2차접종(종합)",https://n.news.naver.com/mnews/article/001/0012664854?sid=100,"접종 완료자 9천572명↑ 누적 2천218만500명…인구 대비 43.2%18일부터 다시 예약기회 얻은 미접종자 0.8%, 4만4천528명 예약예방접종센터(서울=연합뉴스) 신준희 기자 = 17일 서대문구 북아현문화체육센터에 마련된 코로나19 예방접종센터에서 백신 접종을 마친 시민들이 이상반응 모니터링을 하고 있다. hama@yna.co.kr(서울=연합뉴스) 김서영 기자 = 국내 신종 코로나바이러스 감염증(코로나19) 백신 1차 접종률이 70%를 돌파한 가운데 20일 하루 동안 2만1천여명이 1차 접종을 하고 9천여명이 접종을 마쳤다.    21일 코로나19 예방접종대응추진단(추진단)에 따르면 전날 신규 1차 접종자는 2만1천683명, 접종 완료자는 9천572명으로 집계됐다.    전날 신규 1·2차 합산 접종자 수는 3만1천255명으로, 일요일인 직전일(4만5천211명)에 이어 이틀 연속 큰 폭으로 줄었다. 주말이었던 18일은 57만8천680명이었다.    이는 휴일이자 추석 연휴 셋째 날을 맞아 일부 위탁의료기관과 예방접종센터가 문을 닫거나 단축 운영을 한 데 따른 것이다. 어제 하루 신규 1차 접종 2만1천683명↑…접종완료 9천572명↑    백신 종류별 신규 1차 접종자는 모더나 1만3천338명, 화이자 8천328명, 얀센 16명, 아스트라제네카(AZ) 1명이다.    이날 0시 기준 국내 누적 1차 접종자는 3천652만7천829명으로 전체 인구(작년 12월 기준 5천134만9천116명)의 71.1%에 해당한다. 18세 이상 인구 기준 1차 접종률은 82.7%다.    누적 1차 접종자를 백신별로 보면 화이자 1천974만9천504명, 아스트라제네카 1천108만6천402명, 모더나 427만6천519명이다.    얀센 백신 누적 접종자는 141만5천404명이다. 1회 접종만으로 끝나는 얀센 백신을 맞은 사람은 1·2차 접종 수치에 모두 반영된다.    전날 2차까지 새로 접종을 마친 사람은 9천572명이다.    백신별로 보면 화이자 7천989명, 모더나 1천557명, 아스트라제네카 10명이다.    아스트라제네카 접종 완료자는 총 95명으로 집계됐으나, 이 가운데 85명은 1차 접종 때 아스트라제네카 백신을 맞은 뒤 2차 접종을 화이자 백신으로 교차 접종한 이들이다.    이로써 2차 접종까지 모두 마친 사람은 2천218만500명으로 늘었다. 이는 인구 대비 43.2% 수준이며, 18세 이상 기준으로는 50.2%다.    백신별 누적 접종 완료자는 아스트라제네카 1천31만9천660명(교차접종 158만5천896명 포함), 화이자 943만4천910명, 모더나 101만526명이고 나머지는 얀센 접종자다.    성별 접종 완료율을 보면 여성은 2천574만6천790명 가운데 1천148만3천792명이 접종을 완료해 44.6%, 남성은 2천560만2천326명 중 1천69만6천708명이 접종을 마쳐 41.8%로 각각 집계됐다. 1차 접종률은 여성이 72.6%, 남성이 69.7%다.    연령대별 접종 완료율은 70대가 89.4%로 가장 높았고 이어 60대 87.3%, 80세 이상 79.7% 순이었다. 상대적으로 접종이 늦게 시작된 나머지 연령대의 경우 50대 46.0%, 30대 33.7%, 18∼29세 29.2%, 40대 29.0%, 17세 이하 0.2% 등이다.[그래픽] 코로나19 예방접종 현황(서울=연합뉴스) 장예진 기자 = 21일 코로나19 예방접종대응추진단에 따르면 이날 0시 기준 국내 누적 1차 접종자는 3천652만7천829명으로 전체 인구(작년 12월 기준 5천134만9천116명)의 71.1%에 해당한다.    jin34@yna.co.kr    트위터 @yonhap_graphics  페이스북 tuney.kr/LeYN1 어제 잔여 백신으로 3천161명 2차접종…미접종자 추가 예약률 0.8%    이날 0시 기준으로 국내에 남아있는 백신 물량은 총 1천867만4천회분이다.    백신별로는 모더나 807만2천100회분, 화이자 585만500회분, 아스트라제네카 449만6천회분, 얀센 25만5천400회분이다.    전날 각 의료기관에서 관리하는 예비명단이나 네이버·카카오 등 사회관계망서비스(SNS) 애플리케이션(앱)을 통해 '잔여 백신'을 접종한 사람은 1차 접종 기준 1천70명(예비명단 1천64명·SNS 당일예약 6명), 2차 접종 기준 3천161명(예비명단 3천125명·SNS 당일예약 36명) 늘었다.    이로써 잔여백신 접종자는 누적 1차 접종 450만6천799명, 접종 완료 19만873명으로 집계됐다.    한편 그간 접종 기회를 놓쳤거나 미뤄왔던 미접종자를 위한 접종 예약이 18일 오후 8시부터 시작된 가운데 현재까지 대상자 577만6천556명 중 4만4천528명(0.8%)이 예약을 한 것으로 집계됐다.    18세 이상(2003년 12월 31일 이전 출생자) 중 미접종자나 미예약자는 이달 30일 오후 6시까지 사전예약시스템(https://ncvr.kdca.go.kr)에서 접종 일정을 잡을 수 있다.    현재 국내에서는 아스트라제네카, 화이자, 얀센, 모더나 등 4가지 백신으로 예방접종이 이뤄진다.    아스트라제네카와 화이자, 모더나 백신은 2차례 접종이 필요하고 얀센 백신은 1차례 접종으로 끝난다.    1·2차 접종 간격은 백신 종류마다 조금씩 다르다. 아스트라제네카 백신은 4∼12주, 화이자 백신은 3주, 모더나 백신은 4주 간격을 두고 2차 접종이 권고된다.    다만 추진단은 백신 공급 상황의 불확실성을 반영해 현재 mRNA 백신(모더나·화이자)의 접종 간격을 한시적으로 6주까지 늘려 적용하고 있으며, '잔여 백신'을 활용해 2차 접종을 할 경우에는 간격을 단축할 수 있도록 했다.    sykim@yna.co.kr"
2021.09.21.,"""그 돈 다 어디다 썼나""…20대 마이너스대출 잔액 2조5000억 '마통 뚫고 카드론 쓰고'",https://n.news.naver.com/mnews/article/009/0004854837?sid=101,"[매경DB]20대 청년층의 마이너스 통장·카드 대출(카드론)이 2조5000억원을 넘어선 것으로 나타났다. 대출 증가세와 맞물려 신용회복위원회(신복위)를 통해 채무조정을 신청하는 20대도 늘고 있다.국회 정무위원회 소속 전재수 의원(더불어민주당)이 21일 금융감독원에서 받은 자료에 따르면, 금융권의 마이너스 상품을 이용한 20대의 대출 잔액은 6월 말 기준 2조5787억원으로 집계됐다. 2017년 말에는 1조8681억원 수준이던 20대의 마이너스 상품 대출 잔액은 꾸준히 증가세를 이어가며 3년 반 동안 38% 급증했다.연령별로 보면 30대와 40대가 각각 19만8000개의 마통 계좌를 새로 만들었고, 50대가 13만9000개의 마통 계좌를 새로 뚫었다. 이어 60대 이상 5만8000개, 20대 이하 6만1000개 순이었다. 올해 1∼6월 마통 대출로 새로 나간 금액(신규 취급액·한도금액 기준)은 23조3000억원이었다. 작년 말 대비 올 상반기 증가율은 4.2%로, 연간 증가율 26.5%를 기록한 작년 말에 비하면 둔화했지만 증가세를 이어가고 있다.연령별로는 30대가 7조8000억원으로 가장 많았고, 40대 7조5000억원, 50대 4조9000억원, 20대 이하 1조9000억원, 60대 이상 1조2000억원 순으로 확인됐다.업권별로 보면 올 상반기 기준 시중은행의 마이너스 통장 대출잔액은 2조5000억원으로, 작년 말보다 1000억원(4.2%) 늘었다. 저축은행은 작년말 대비 14억원(2.1%) 증가한 675억원이었다. 특히 여신금융의 마이너스 카드론 대출잔액은 112억원으로 15억원(15.5%) 증가했다.청년들이 은행보다 대출을 받기는 쉽지만 금리는 높은 카드론으로 넘어간 것으로 해석된다. 대출이 늘면서 채무조정 신청도 증가하는 추세다. 신용회복위원회에 채무조정을 신청한 20대는 2017년 1만 202명에서 지난해 말 1만2780명으로 3년 사이 25.3% 늘었다. 같은 기간 20대 채무조정 금액은 2287억원에서 작년 3108억원으로 35.9% 증가했다. 올 상반기 신청인은 6109명이다. 전재수 의원은 ""금융 경험이 풍부하지 않은 사회 초년생들이 빚의 굴레에 빠지고 있는 실정""이라며 ""제2금융권을 중심으로 청년 대출자에 대한 상환 여력 점검과 대책 마련이 시급하다""고 말했다.다만, 올 하반기 신규 마통 개설 건수가 계속 늘더라도 대출 잔액 증가세는 주춤하거나 꺾일 것으로 예상된다. 최근 주요 은행들은 금융당국의 가계대출 증가율 억제 기조에 발맞춰 마통 대출 한도를 대폭 줄였다. KB국민·신한·하나·우리·NH농협 등 5대 은행의 마통 한도는 최대 5000만원으로 축소됐고, 카카오뱅크는 최대 3000만원으로 낮췄다."
2021.09.21.,'윤석열 고발사주' '대장동 특혜' 의혹…국감대전 최대 승부처,https://n.news.naver.com/mnews/article/003/0010730259?sid=100,"기사내용 요약문재인 정부 마지막 국감…대선 전초전 양상여야, 대선 정국 주도권 장악 위해 사생결단법사위 尹 '고발 사주' '대장동 특혜' 의혹 쟁점정무·과방·산자·환노 등 대기업 플랫폼 도마[서울=뉴시스] 최동준 기자 =김태년 운영위원회 위원장이 지난해 10월30일 오전 서울 여의도 국회에서 열린 운영위원회의 국가인권위원회에 대한 국정감사에서 의사봉을 두드리고 있다. (공동취재사진) 2020.10.30. photo@newsis.com[서울=뉴시스] 이창환 기자 = 문재인 정부 마지막 국정감사가 오는 10월1일부터 시작된다. 이번 국감은 내년 3월 대선을 앞두고 여야가 대선 정국의 주도권을 쥐기 위해 치열한 대결을 벌일 것으로 전망된다. 21일 정치권에 따르면 윤석열 전 검찰총장을 둘러싼 '고발 사주' 및 '장모 사건 대응 문건' 의혹과 야권에서 제기하고 있는 이재명 경기지사의 '대장동 개발 특혜' 의혹 등이 이번 국감의 최대 쟁점이 될 것으로 예상된다.문어발식 사업 확장 등 불공정 거래와 수수료 횡포 등으로 도마 위에 오른 대기업 플랫폼 카카오, 네이버도 복수의 상임위로부터 출석 요구를 받으면서 이번 국감의 주요 쟁점으로 떠오를 전망이다.다음 달 1일 시작하는 국회 법제사법위원회 국정감사에서는 야권 유력 대선주자인 윤 전 총장 관련 고발 사주·장모 사건 대응 문건 의혹이 도마 위에 오를 전망이다. 더불어민주당에서는 해당 의혹들을 검찰권의 사유화로 인한 국기문란 사건으로 규정한 반면, 국민의힘에서는 제보자 조성은씨와 박지원 국가정보원장과의 공모 의혹을 제기하며 반박에 나선 상황이다. 현재 검찰과 고위공직자범죄수사처(공수처) 등이 고발사주 의혹에 대해선 감찰 및 수사 중이다. 윤 전 총장, 손준성 대구고검 인권보호관(전 대검찰청 수사정보정책관)를 비롯한 의혹 관련자에 대한 수사·감찰 진척 상황이 국감에 영향을 줄 것으로 보인다.10월 법사위 국감 중 법무부는 5일, 공수처는 12일, 서울중앙지검 등은 14일, 대검은 18일 등으로 일정이 잡혀 있다.같은 달 말 진행될 예정인 정보위원회 국감에서는 '제보 사주' 의혹이 쟁점이 될 것으로 보인다. 정무위원회는 국감 증인으로 문어발식 사업 확장과 계열사 신고 누락, 골목상권 위협 등 불공정 거래 논란을 빚은 카카오의 김범수 의장을 다음 달 5일 국감 증인으로 불렀다. 폰지사기 의혹까지 받은 '머지포인트' 권남희 머지플러스 대표도 같은 날 국감장 출석 요구를 받았다. 또 박정호 SK텔레콤 대표, 구현모 KT 대표, 황현식 LG유플러스 대표 등 통신 3사 대표들도 국감장에서 5G 품질문제로 인한 불공정 약관, 요금제 등 소비자 피해 관련 질의를 받을 예정이다.행정안전위원회의 경우 1일부터 7일까지 행정안전부·경찰청 등을 대상으로 쿠팡 물류센터 화재 사고 및 광주 건물 붕괴 참사 등 관련 증인·참고인을 부른 상황이다.8일 인사혁신처와 공무원연금공단·중앙선거관리위원회뿐만 아니라 12일부터는 지방자치단체 등에 대한 국감이 예정돼 있다. 특히 18일 경기도 국감의 경우 민주당 유력 대선주자인 이 지사의 '대장동 특혜' 의혹에 대한 야권의 총공세가 예상된다.다만 8일 이후 행안위 국감 일정에 대한 증인·참고인은 1일 여야가 의결할 예정으로, 아직 확정된 바는 없는 것으로 전해졌다. 국토교통위원회의 경우 5일 국토교통부 등, 한국토지주택공사는 7일 예정된 국감에서 땅 투기 의혹으로 논란을 빚은 한국토지주택공사(LH) 혁신안이 쟁점이 될 것으로 보인다. 야권에서는 이 지사의 대장동 개발 특혜 의혹을 제기한 만큼 관련자들을 국감장에 불러야 한다는 입장이지만, 아직 여야 간 의결된 바가 없어 불투명한 상황이다. 서울시와 경기도 국감은 20일 예정됐다. 국민의힘은 최근 국토위·정무위·행안위 소속 의원으로 '이재명 경기지사 대장동게이트 진상조사 TF(태스크포스)'를 구성한 만큼, 관련자들에 대한 야권의 증인·참고인 출석 요구가 복수 상임위로 번질 가능성도 제기된다.대장동 의혹은 이 지사가 성남시장 재선 후 공영개발로 추진한 대장지구 개발사업 컨소시엄에 선정된 '성남의 뜰'과 해당 컨소시엄에 참여한 업체 화천대유자산관리(화천대유)가 이 지사와 특수관계에 있다는 것이 골자다. 이에 이 지사는 ""대표적인 모범 개발 행정 사례""라고 정면 반박한 뒤, 관련 수사도 공개 의뢰한 바 있다. 아울러 곽상도 국민의힘 의원의 아들이 화천대유에서 근무한 데 대한 해명을 요구하기도 했다.과학기술정보방송통신위원회에서도 김범수 카카오 의장, 이해진 네이버 글로벌투자책임자 등을 국감 증인으로 요청하면서 대기업 플랫폼들의 수수료 폭리 등이 도마 위에 오를 것으로 보인다. 과학기술정보통신부 등은 1일, 한국방송공사(KBS)와 한국교육방송공사(EBS)는 12일 등 각각 국감이 진행된다.국방위원회 국감장에서는 군 내 성추행 문제와 사병들의 급식 등 복지 개선 사안 관련 질의가 오갈 것으로 보인다. 야권에서는 최근 북한의 순항미사일 발사 및 탄도미사일 관련해 공세를 펼칠 가능성도 제기된다.  이 외에도 산업통상자원중소벤처기업위원회와 환경노동위원회도 네이버와 카카오 등 대기업 플랫폼 대표를 증인으로 각각 부를 예정인 것으로 전해졌다. 한편 보건복지부와 질병관리청을 소관 부처로 두고 있는 보건복지위원회 국감에서는 코로나19 현안 등에 대한 질의가 나올 것으로 관측된다．"
2021.09.21.,"""따끈따끈한 새 제품이에요""…당근마켓에 쏟아진 명절 선물세트",https://n.news.naver.com/mnews/article/009/0004854881?sid=101,"선물 세트 매물들이 중고거래 시장에 쏟아지고 있다. 지난 설 명절에 이어 이번 추석 명절에도 회사 등에서 받은 선물세트를 온라인상에서 저렴하게 되파는 추세가 반복되고 있는 것. 추석 명절을 맞아 마트와 편의점 등에서 판매됐던 각종 선물 세트들이 이제는 중고거래 대상이 된 것으로 풀이된다.21일 중고거래 플랫폼 '당근마켓'에 따르면 추석 연휴가 시작된 지난 주말부터 미개봉 추석선물세트 거래 희망자가 급증했다. 서울 서대문구를 중심으로 '선물'을 검색했을 때 20~21일 이틀 간 올라온 매물만 100여 건에 달한다.종류는 햄, 홍삼, 소금, 참치, 샴푸 등 다양하다. 가격대는 1만 원대~3만 원대가 주를 이룬다. 10만 원대의 고가품도 있지만, 대부분 상품이 온라인 최저가보다 저렴하게 올라오기 때문에 거래 또한 빠르게 이뤄지는 추세다. 판매자들은 ""방금 선물 받아서 유통기한 넉넉한 새제품"", ""인터넷서 2만8900원이지만 2만원에 팝니다"" 등의 설명을 달았다.또 다른 중고거래 플랫폼인 '중고나라'에서도 스팸이 인기리에 거래되고 있다. 중고나라 게시판에 '스팸 선물세트'를 검색하면 지난 달 16일부터 1개월여간 100개 이상이 매물로 나왔으며, 이 중 90여 개가 거래됐다. 중고나라에서 거래되는 스팸 선물세트 시세도 정가의 60% 선에 형성됐으며, 매물로 등록되자마자 곧바로 거래가 완료되는 것으로 파악됐다.스팸 선물세트 판매자들은 ""선물로 받았는데 스팸 별로 좋아하지 않아 싸게 올립니다"" ""오늘 받은 새 상품이라 유통기한은 2024년까지 넉넉합니다"" ""개봉하지 않은 새 상품이어서 선물하기 좋습니다"" 등의 글을 남겼다.구매자들은 ""추석이라 그런지 스팸 선물세트 매물이 쏟아지네요"" ""자취생들은 그저 신납니다"" 등의 반응을 보였다.명절 선물세트를 온라인상에서 되파는 모습은 일상이 됐다. 한 네티즌은 카카오톡 선물하기로 받은 스팸 선물세트를 1만8000원에 매물로 등록했다. 구매자가 입금하면 판매자가 구매자의 배송지를 기프트카드에 입력해서 거래하는 방식이다.중고거래 플랫폼 관계자는 ""판매자 입장에서 명절 선물세트는 매입 원가가 없기 때문에 싼값에 되팔아도 충분히 이익을 볼 수 있어 많이 거래되는 것 같다""고 분석했다."
2021.09.21.,상반기 국내은행서 개설된 마통 65만개…새로나간 대출 23조,https://n.news.naver.com/mnews/article/001/0012665097?sid=101,"30·40대가 15조원 차지…6월말 기준 마통 대출잔액 60조 돌파 (서울=연합뉴스) 김연정 김연숙 기자 = 올해 상반기 국내 17개 은행(19개 은행 중 수출입·중소기업은행 제외)에서 마이너스통장(마통)이 65만개 개설돼 23조원의 대출이 새로 나간 것으로 나타났다.    금융당국이 작년 하반기부터 마통 대출 조이기를 강화해 왔으나, 올 상반기에도 여전히 마통 대출이 많이 나간 것이다.     21일 국회 정무위원회 소속 더불어민주당 전재수 의원이 금융감독원에서 받은 자료에 따르면, 올해 1∼6월에 새로 개설된 마통 대출 계좌는 총 65만3천건이었다.    연령별로 보면 30대와 40대가 각각 19만8천개의 마통 계좌를 새로 만들었고, 50대가 13만9천개의 마통 계좌를 새로 뚫었다. 이어 60대 이상 5만8천개, 20대 이하 6만1천개 순이었다.[그래픽] 연령대별 마이너스통장 대출 잔액 현황(서울=연합뉴스) 장예진 기자 = jin34@yna.co.kr    올 1∼6월에 마통 대출로 새로 나간 금액(신규 취급액·한도금액 기준)은 23조3천억원이었다.     연령별로는 30대가 7조8천억원으로 가장 많았고 40대가 7조5천억원으로 뒤를 이었다. 이어 50대 4조9천억원, 20대 이하 1조9천억원, 60대 이상 1조2천억원 순이었다. 은행권, 마통 '최대 5천만원'으로 묶는다연합뉴스 자료사진]이처럼 상반기에도 마통 대출을 받는 수요가 줄지 않으면서, 올해 6월말 기준 국내 17개 은행의 마통 대출 잔액(차주가 한도금액 내에서 실제로 이용 중인 금액)은 60조원을 돌파했다.    마통 대출 잔액은 2017년 말 45조1천억원, 2018년 말 49조4천억원, 2019년 말 51조7천억원, 2020년 말 58조원, 올해 6월말 60조8천억원으로 계속 늘고 있다.    다만 마통 대출 계좌 수는 작년 말 최대치를 찍은 뒤 다소 줄어들었다.     마통 대출 계좌는 2017년 말 462만8천건, 2018년 말 468만9천건, 2019년 말 478만건, 2020년 말 493만9천건으로 계속 늘다가 올해 6월 말 기준 491만6천건으로 소폭 줄었다. 마통 대출 기한이 만료된 후 연장 또는 재약정하지 않는 경우가 늘어난 데 따른 것으로 보인다.     작년 하반기부터 금융당국이 신용대출을 비롯한 가계대출 옥죄기에 나서면서 각종 규제를 도입할 때마다, 미리 마통을 뚫어놓으려는 수요가 몰리며 신규 마통 대출이 폭발적으로 증가하는 현상이 되풀이됐다.    이에 주요 시중은행 상당수는 연초부터 마통 대출 한도를 5천만원으로 대폭 줄이고 마통 대출 금리를 올리는 등의 조치를 취했으나, 올 상반기에도 작년과 비슷한 흐름의 마통 계좌 신규 개설과 대출액 증가세가 이어진 셈이다.    다만 하반기 신규 마통 개설 건수가 계속 늘더라도 마통 대출 잔액 증가세는 주춤하거나 꺾일 것으로 보인다.    최근 주요 은행들은 금융당국의 가계대출 증가율 억제 기조에 발맞춰 마통 대출 한도를 대폭 줄였다. KB국민·신한·하나·우리·NH농협 등 5대 은행의 마통 한도는 최대 5천만원으로 축소됐고, 카카오뱅크는 최대 3천만원으로 낮췄다.        더불어민주당 전재수 의원[전재수 의원실 제공][표1] 국내 은행의 연령대별 마이너스통장 대출 잔액 현황 (19개 은행 중 수출입은행·중소기업은행 제외) (단위: 조원)    ※ 잔액: 기간 말 차주가 한도금액 내에서 실제로 이용 중인 금액 [표2] 국내 은행의 연령대별 마이너스통장 대출 신규취급액 (단위: 조원)    ※ 신규취급액: 한도금액 기준[표3] 국내 은행의 연령대별 마이너스통장 대출 신규계좌수 (단위: 만건)(자료: 금융감독원, 전재수 의원실)    yjkim84@yna.co.kr"
2021.09.21.,"'패배자 새X' 욕설 퍼부은 與 청년대변인, 해명 들어보니…",https://n.news.naver.com/mnews/article/015/0004606894?sid=100,"하헌기 막말 논란 ""스토킹 수준 괴롭힘 당해""野 ""GSGG 이어 또…즉각 출당하라""하헌기 더불어민주당 청년대변인 /사진=연합뉴스TV하헌기 더불어민주당 청년대변인(상근 부대변인)이 개그맨 윤정섭 씨에게 욕설을 퍼부었다는 논란과 관련해 ""스토킹 수준의 괴롭힘을 당했다""고 해명했다. 21일 하 청년대변인은 연합뉴스와 통화에서 ""공적인 발언이 아닌 사적인 이야기였지만, 욕설을 하는 것 자체가 부적절했다. 반성하고 있다""라고 밝혔다.윤 씨에 대해서는 ""개그맨이 아닌 보수 유튜버""라며 ""'헬마우스' 유튜브 채널을 운영할 때부터 조금씩 분쟁이 있었다""고 설명했다. 그러면서 ""(윤 씨로부터)페이스북, 카카오톡 등 개인 SNS를 통해 지속적으로 스토킹 수준의 괴롭힘을 당했고, 그만하라는 취지로 전화를 걸었던 것""이라고 주장했다.사건의 발단은 하 청년대변인이 한 주간지에 기고한 '극우 유튜버의 구속, 왜 유튜브는 가만히 있을까' 칼럼에 대해 윤 씨가 영상을 올리면서다. 하 청년대변인의 칼럼은 유튜브에서 벌어지는 명예훼손, 모욕 등 범죄는 운영사인 유튜브에서도 책임을 물어야 한다는 내용이다. 글에는 고 박원순 전 서울시장 재임 시절 서울시와 기타리스트 신대철 씨 간 유착 의혹을 제기한 유튜버 최일환 씨의 사진이 함께 게재됐다. 윤 씨는 지난 3일 온라인 방송을 통해 과거 최 씨로부터 비판을 당한 하 청년대변인이 자신과 친분이 있는 언론사를 통해 개인의 앙갚음을 한 것이라는 취지의 발언을 했다. 이후 얼마 지나지 않아서 하 청년대변인으로부터 ""씨X새X끼"", ""패배자 새X"" 등 욕설 전화를 받았다는 게 윤 씨의 주장이다.국민의힘 대권주자인 윤석열 전 총장 캠프 측은 논평을 통해 ""더불어민주당은 쌍욕을 뱉은 청년대변인을 즉각 경질하고 출당하라""고 촉구했다.앞서 민주당 김승원 의원이 언론중재법 본회의 상정 무산을 놓고 박병석 국회의장을 향해 'GSGG'라는 표현으로 물의를 빚었던 일을 언급하며 ""여당에선 욕설과 막말을 잘하면 출세한다는 문화가 있는지 몰라도 듣는 국민의 마음은 매우 불편할 것""이라고 비판했다.손혜원 전 민주당 의원 보좌진 출신인 하 청년 대변인은 '추월의 시대'를 공동 집필하기도 했다. 올해 8월 민주당 청년대변인으로 임명됐다. 윤 씨는 현재 SNS와 TBN 등에서 개그맨 겸 리포터로 활동 중이며, 유튜브 채널 '캡틴TV'를 운영하고 있다."
2021.09.21.,남혐 검증 잣대된 '집게 손'…기업들은 왜 사과하나,https://n.news.naver.com/mnews/article/018/0005042268?sid=102,"[20대에게 젠더란]④기업들 남혐 비난에 사과 잇따라 ""사과할 일 아닌데 너무 쉽게 고개 숙여"" 역풍""사과해도, 안해도 비난..구설수 오른 자체가 부담""“솔직히 기업들이 소위 '메갈 손가락'에 대해 사과하는 걸 보면서 어처구니가 없기는 했어요.  근데 그런 모습을 보면서 저 손가락 모양이 뭐길래, 페미니즘이 얼마나 나쁘다고 생각하길래 저렇게까지 하는거지라는 생각도 같이 들었습니다.”평소 젠더갈등 이슈에 별 관심이 없다는 대학생 조모씨 (23)는 '집게손 모양'이나 '남혐 용어 사용' 논란에 기업들이 너무 쉽게 고개를 숙이는 것 같다고 했다. 일부지만 남성들이 왜 이같은 문제에 이렇게까지 예민하게 반응하는 건지 의문이 든다고 했다.집게 손 모양을 광고나 홍보 포스터 등에 사용했다가 '남성혐오' 논란이 휩싸인 기업들이 잇따라 머리를 숙이면서 오히려  젠더갈등에 기름을 부었다는 지적이다.일부 몰지각한 남성들의 일방적 트집잡기에 너무 쉽게 사과하면서 되레 백래시를 확산시켰다는 지적이다. 기업은 소비자들의 오해를 불식하기 위한 대응이었을 뿐이란 입장이나 이같은 사과가 그들의 주장을 정당화했다는 비난이 나온다.대한민국 페미니즘 운동의 도화선이 된 ’강남역 살인사건‘과 2017년 MeToo 운동 이후 5년간 축적된 젠더갈등은 백래시와 부딪치며 더욱 거세지고 있다. 백래시는 사회·정치적 진보적인 변화에 대해 반발하는 심리나 집단행동이다.여성 인권 운동인 페미니즘에 대한 백래시로 온라인 상에서 '페미'는 부정적인 의미로 사용되며 일각에서는 남성 혐오와 동일시하는 시선마저 존재한다.대표적으로 지난 5월부터 일부 남성 커뮤니티 중심으로 특정 용어 혹은 손모양 사용 유무로 ’페미니즘‘ 검증을 시도하는 모습이 나타났다. 이같은 흐름에 휩쓸려 GS리테일, 스타벅스 등 기업뿐만 아니라 정부기관인 국립 전쟁기념관까지 ’집게손 모양'을 사용했다는 이유만으로 비난 여론에 떠밀려 고개를 숙였다.조윤성 GS리테일 사장은 가맹점주 게시판에 사과문을 게시하며 관련 논란에 대해 ""저를 포함한 관련자 모두 철저한 경위를 조사하고 사규에 따라 합당한 조치를 받겠다""고 약속했다. 이어 ""모든 책임은 저에게 돌려주시고, 신속한 사태 수습과 고객 신뢰 회복을 위해 최선을 다하겠다""라고 전했다.“잘못된 페미 유의해야” VS “실체 없는 위협에 사로잡혀 ” 대학교 3학년인 이준한씨(가명 남·22). 그는 평소 젠더 갈등에 대해 일부 극단적인 사람과 단체들간의 문제라고 생각해 왔다.  하지만 최근 일부 표식이나 표현들로 인해 불필요한 젠더 갈등을 유발하는 것은 문제가 있다고 본다고 했다.“사실 저도 이전까지는 집게 손 모양이 극단적인 페미를 뜻하는 지는 몰랐어요. 근데 저 손 모양이 잘못된 페미니즘 사상을 옹호한다면 유의해야한다고 생각합니다.”이씨는 카카오가 ‘허버허버’라는 문구가 들어간 이모티콘 판매를 중단한 것도 이해할 수 있는 부분이라고 했다. 카카오 지난 4월,  일부 남성 커뮤니티의 이용자들의 반발을 이유로 ‘허버허버’라는 문구가 들어간 이모티콘을 판매 중지했다.'허버허버'는 '허겁지겁 무언가를 하다'는 의미의 신조어다. 당초 처음 사용됐을 때는 별다른 의미가 없었지만 일부 남성 커뮤니티 이용자들이 남성 혐오 표현이라고 주장하면서 논란의 대상이 됐다.이 씨는 ""해당 단어 자체가 문제라고 생각하지는 않는다""면서도 ""다만 ’한남충’ 등 혐오표현에 대한 반감으로 이런 과도한 반응이 나온 것 같다. 배경을 생각하면  이런 반응이 이해가 되기는 한다""고 말했다.직장인 박혜민 씨 (여 ·26) 는 “그들이 말하는 ‘잘못된 페미니즘’은 메갈리아를 말하는 것 같은데 해당 사이트는 이미 2017년에 폐쇄됐다”라며 “일부 남성들은 과거의 기억에 사로잡혀 실체가 없는 위협을 느끼는 것 같다""고 말했다.박 씨는 이어 “이제는 생산성 있는 논의를 해야 한다. 실체 없는 무의미한 사실을 두고 논쟁을 벌이는 것은 아무 도움도 되지 않는다""라고 덧붙였다,취업 준비생 최가은 씨 (여·24)는 “여전히 일부 기사에는 된장녀, 명품녀, 김치녀 등의 용어가 보인다. 웅앵웅, 오조오억 등 출처가 불확실한 용어들을 걸고 넘어지기보다는 이런 명백한 혐오 표현부터 규제해야한다""고 목소리를 높였다.도쿄올림픽 양궁 금메달 3관왕 안산 선수는 자신의 SNS에서 '웅앵웅' 등의 단어를 사용했다가 일부 남성들로부터 ‘남혐(남성 혐오) 표현을 사용했다며 댓글 테러를 당하기도 했다.최 씨는 “결국 가상의 ‘페미‘를 두려워해서 벌어진 일""이라며 ""페미니즘이 추악한 여성우월주의, 혐오주의라는 오해를 버려야 한다. 그저 성평등 운동일뿐""이라고 말했다.그는 "" 페미인지 아닌지 해명을 하라는 요구도 이해가 되지않는다. 그들만의 망상으로 누구를, 어디까지 검열할 것인지 궁금하다”고 덧붙였다. '메갈 손가락' 모양으로 비난받은 기업들이다사과가 백래시 키웠다는 비난에 기업들 진퇴양난 기업들이 일부 남성들의 목소리를 들어 준 것이 오히려 젠더 갈등을 키웠다는 비난의 목소리도 나온다.최근 백래시 규탄시위를 펼친 단체 '해일'의 김주희 대표는  ""이들의 목소리에 반응을 한 것이 결국 페미니즘을 매도하고 억압하려는 남성들의 혐오발언을 키웠다""라고 강조하며 ""이전 기업들의 반응 때문에 이들이 안산 선수를 향해서까지 사이버 테러를 감행한 것이다""라고 말했다.GS리테일 측은 논란 후 해당 포스터를 제작한 디자이너는 징계를 받았고 GS25 마케팅팀장 역시 다른 부서로 발령했다.이후 6월에 조윤성 사장은 편의점사업부장에서 물러났고 한 달 후 사내이사에서 사임했다.  다만 GS리테일은 해당 조치는 논란과는 관련이 없다고 해명했다. 한국여성정치연구소 김은주 소장은 '남혐' 주장에 기업 및 공공기관이 사과한 것은 여성의 자기권리 주장과 여성에 대한 차별에 대한 권리 주장을 남성혐오로 왜곡하는 행위에 대해서 인정해주는 꼴""이라고 지적했다.김 소장은 ""기업은 (그들의 주장을) 합리화해주는 것이 아니라,  잘못됐다고 정당하게 문제 지적을 했어야 했다""며 ""기업의 이미지 훼손 등에 대해 회피하고자 했겠지만 소비자의 절반이 여성인데 왜 그런 결정을 했는지 의문""이라고 말했다.기업들이 남성혐오 논란에 대해 곧바로 사과한 것은 대해 당연한 선택이라는 목소리도 들린다. 기업으로서는 불매운동을 하겠다는 으름장에 취약할 수 밖에 없기 때문이다.GS리테일 관계자는 ""해당 일로 (기업은) 정말 많은 홍역을 겪었다. 이슈화돼서 문제가 발생하는 것에 대비해 회사는  초기 사과를 통해 대응하고자 했지만 결국 양쪽에서 모두 매도 당했다""고 하소연했다.스냅타임 박서윤 기자"
2021.09.21.,"백신 안 맞은 578만명, '모더나' 맞는다…30일까지 예약가능",https://n.news.naver.com/mnews/article/008/0004647442?sid=102,"모더나아직 코로나19(COVID-19) 백신 예방접종을 신청하지 않은 578만여명에 대한 접종은 10월1일부터 모더나 백신으로 진행된다.18세 이상 인구의 마지막 국가 예방접종 기회가 될 이번 사전예약률은 아직 0.8%다. 예약은 이달 30일 오후 6시까지다.21일 코로나19 예방접종대응추진단에 따르면 18세 이상(주민등록상 2003년 12월31일 이전 출생자) 1차 미접종·미예약자와 예약 취소자는 이날 0시 기준 577만6556명이다. 이들 가운데 지난 18일 오후 6시부터 사전예약한 인원은 약 0.8%인 4만4528명이다.미접종자는 연령대별로는 50대가 1만5299명(1.8%)으로 가장 많았고 20대 8193명(0.7%), 30대 6694명(0.5%), 60대 6257명(1.1%), 40대 5814명(0.5%), 70대 1291명(0.5%), 18세 이상 10대 742명(0.7%), 80대 이상 238명(0.1%) 등이다.추진단은 '미접종자는 전체 접종대상자 접종 이후 마지막 순위로 조정한다'는 원칙에 따라 10월1일부터 16일까지 추가 예방접종을 진행한다.10월1일부터 접종할 백신은 모더나 백신이며 위탁의료기관에서 접종이 이뤄진다. 건강보험 미가입자는 예방접종센터를 통해서만 접종이 가능하다. 백신 수급 상황에 따라 mRNA(화이자-바이오엔테크·모더나) 백신 중에서 변경될 수 있으나 이 경우 개별 안내한다는 방침이다. 예약 기간은 18일 오후 8시부터 30일 오후 6시까지다. 단, 위탁의료기관까지 백신 운송 등 일정을 고려했을 때 10월1일부터 접종을 원한다면 22일 오후 6시까지는 예약을 마쳐야 한다. 23일 오후 8시부터 예약할 때는 가장 빠른 접종 일자가 10월11일이다.사전예약은 코로나19 예방접종 사전예약 시스템에서 진행된다. 스스로 예약이 어려운 고령층이나 외국인 등은 보호자가 대리 예약할 수도 있다. 사전예약과 관계없이 위탁의료기관이나 예방접종센터 잔여백신으로 1·2차 접종도 가능하다. 네이버·카카오 앱 등 SNS 당일 신속 예약서비스나 의료기관에 개별 연락해 예비명단에 이름을 올리면 된다."
2021.09.21.,"추석 연휴, '나홀로집족' 외로움 달래는 1+1 메뉴",https://n.news.naver.com/mnews/article/003/0010730277?sid=101,"[서울=뉴시스] 김동현 기자 = 사회적 거리두기 강화가 지속되면서 올해 추석에도 고향 방문 대신 집콕 연휴를 계획하는 사람들이 많았을 것으로 예상된다. 혼자 보내는 명절의 외로움을 조금이나마 달래기 위해 맛있는 음식을 찾아보지만, 혼자서 여러가지 메뉴를 먹는 것이 어려워 고민했던 경험은 누구나 있을 것이다. 이번 추석, '나홀로 연휴'를 보내고 있다면 식품업계의 1+1 메뉴를 주목해보는 것은 어떨까. 두 가지 베스트 맛을 한 개 파인트에 담은 프리미엄 아이스크림 브랜드 벤앤제리스의 '하프 베이크드'부터, 두 개 브랜드의 협업을 통해 탄생한 피자헛의 '팔불출 피자'까지 맛은 더하고 외로움은 달래 줄 이색 1+1 메뉴를 추천한다.최고 인기 맛 2가지를 한 입에 벤앤제리스 '하프 베이크드'벤앤제리스의 '하프 베이크드' 제품에는 브랜드 최고 인기 맛 두 가지, '초콜릿 칩 쿠키 도우'와 '초콜릿 퍼지 브라우니'가 담겼다. 달콤 짭조름한 쿠키 도우의 식감과 브라우니가 통째로 들어간 초코 아이스크림의 꾸덕함이 완벽하게 어우러져 극강의 달콤함을 느낄 수 있다. 두 가지 맛이 모두 궁금하지만, 혼자서 파인트 두 개를 한꺼번에 사는 것은 부담스러웠던 나홀로 족에게 제격이다. 벤앤제리스는 전국 GS25와 CU 등 오프라인 매장 및 네이버 브랜드 스토어, 카카오 선물하기, 쿠팡, SSG.COM, 배민B마트, 띵굴마켓, 마켓컬리 등 온라인 총 7개 채널에서 구매할 수 있다. 국내 론칭 2주년을 기념해 9월까지 오프라인 채널 1+1, 온라인 채널 30% 할인 이벤트도 진행 중이다. 이 외에도 서울과 경기, 인천, 창원 등 전국 42개의 배달 전문 매장 DV점에서도 벤앤제리스를 만나볼 수 있으며, 구매 고객 전원을 대상으로 '쿠키 카니발' 미니컵을 무료로 증정하는 이벤트도 진행 중이다. DV점 주문은 요기요, 배달의 민족, 쿠팡이츠를 통해서 가능하다. 한국인이 사랑하는 K-메뉴 콜라보 끝판왕 피자헛 '팔불출 피자'이색 배달 메뉴를 찾는 이들에게는 피자헛이 팔도의 '비빔면'과 협업해 출시한 '팔불출 피자'를 추천한다. 달큰한 맛과 팔도 비빔면 비빔장 소스가 조합된 매콤달달한 피자다. 소스만 따로 판매될 만큼 많은 소비자들의 사랑을 받고 있는 팔도 비빔장과 피자헛의 불고기 피자가 만나 '감칠맛 끝판왕'이 탄생했다는 평이다. 피자헛은 9월까지 신메뉴 출시를 기념해 25% 할인 등 다양한 프로모션을 진행 중이다. 단짠 레시피가 메뉴로··· 이디야커피 '포스틱 밀크쉐이크'감자튀김을 밀크쉐이크에 찍어 먹는 조합은 이제 아마추어 먹방러들도 모두 알고 있는 대표 단짠 레시피다. 혼자서 감자튀김과 밀크쉐이크를 모두 주문해서 먹기가 부담스럽다면 이디야커피의 '포스틱 밀크쉐이크'를 먹어보는 것은 어떨까. '포스틱 밀크쉐이크'는 이디야커피와 농심 '포스틱' 제품의 콜라보 메뉴로, 이디야커피의 '오리진 쉐이크'에 치즈 소스를 곁들여 '포스틱'을 찍어 먹는 메뉴다. 달콤하고 부드러운 오리진 쉐이크와 짭짤하고 바삭한 감자튀김 스낵인 포스틱의 완벽한 '단짠' 조합이 특징이다. 이디야커피는 신메뉴를 포함한 제조 음료 5잔을 마시면 참여할 수 있는 럭키박스 이벤트도 경품 소진 시까지 진행 중이다．"
2021.09.21.,원가상승 부담 컸지만..양극화 보인 과자업계,https://n.news.naver.com/mnews/article/018/0005042198?sid=101,"<하반기 식품사 투자전략은> ④제과 및 제빵오리온 국내말고 해외에서만 가격 인상롯데제과·SPC삼립, 국내 가격인상 효과 3분기 기대식음료 상장사는 올해 상반기 고난한 시기를 보냈다. 원가 상승과 지난해 호황의 기저 효과가 아팠다. 3분기 결산을 앞둔 시점에서 종합식품과 제과·제빵, 음료·주류 회사의 2분기 실적을 돌아보고 하반기 투자 포인트를 짚어봤다.[이데일리 전재욱 기자] 제과 및 제빵 업계는 밀가루와 팜유 가격 상승으로 원가 부담이 오르는 악재를 견뎌야 했다. 한계에 다다른 기업들이 결국 출고가를 올리는 방편을 쓸 수밖에 없었었다.개중에 오리온은 국내에서 제품 가격 8년째 동결해 주목받았고 해외 법인의 출고가를 인상해 부담을 덜었다.오리온 연중 주가 흐름.(자료=구글)◇오리온오리온(271560) 2분기 영업이익(연결) 551억원으로 전년보다 36% 하락해 시장 전망치를 밑돌았다. 한국과 베트남, 러시아는 매출이 전반적으로 늘었지만 중국 매출이 14% 줄어든 영향이 컸다.하반기를 두고 대신증권은 “이달부터 중국 파이매출의 70% 차지하는 4종의 가격을 최대 10% 올렸는데, 가격 인상이 11년 만인 데다가 경쟁사도 동참한 상태라 가격 저항은 크지 않다”며 “내달 러시아도 7% 가격이 올라 이익이 개선하는 등 중국과 러시아 가격 인상 효과가 4분기 두드러질 것”이라고 전망했다.그러면서 올해 매출과 영업익이 전년보다 6.3%와 1.4% 증가한 2조3700억원과 3820억원을 기록할 것이라고 내다봤다. 유안타증권은 매출과 영업익이 8%와 6% 늘어나리라고 더 긍정적으로 보고 있다.롯데제과 연중 주가 흐름.(자료=구글)◇롯데제과롯데제과(280360) 2분기 연결 실적에서 매출은 작년보다 2.4% 늘어난 5091억원, 영업익은 같은 기간 2.5% 줄어든 248억원이다. 시장 전망치에는 약간 미치지 못한 실적이다.국내외로 구분해보면 국내는 매출과 영업익이 전년보다 1.4%와 15% 각각 감소한 3832억원과 202억원을 기록했으나, 해외에서 전년 동기보다 매출과 영업익이 17%와 75% 증가한 1380억원과 75억원을 내어 만회했다.전반적으로는 건과와 빙과 매출이 상대적으로 부진했고 해외 법인이 부정적 환율 효과에 노출된 데다가 국내외에서 원가 상승 부담을 받았다.대신증권은 롯데제과 하반기를 두고 “3분기는 매출과 영업익이 전년보다 4%와 20% 늘어난 5802억원과 575억원을 내어 시장 전망치를 웃돌 것”이라고 기대하고 있다. △빙과 매출이 이익으로 이어지고 △상반기 국내외 가격 인상 효과가 반영되며 △인도와 카자흐스탄, 벨기에 등 해외 법인 실적이 뒷받침하리라고 전망하고 있다.카카오페이증권도 “하반기는 국내 껌과 캔디 시장이 회복하고 스낵과 디저트 등 건과 매출이 늘어날 것으로 기대된다”고 진단하고 있다.SPC삼립 연중 주가 흐름.(자료=구글)◇SPC삼립SPC삼립(005610)은 2분기 매출과 영업익이 전년 동기보다 16%와 57% 각각 증가한 7149억원과 146억원을 기록해 시장전망치에 대체적으로 들어맞았다. 베이커리와 푸드가 7%와 11% 넘게 성장하면서 성장세를 이끌었다. 계란 가격 인상이 부담이었지만 밀가루와 육가공 사업 실적이 개선하며 상쇄했다. 점포와 휴게소 사업은 영업적자를 축소했으나 유통 및 물류 부문은 비용 증가로 이익이 줄었다.키움증권은 하반기 실적을 두고 “백신 접종률이 상승하면 외식 수요가 회복하고 베이커리 사업 구조가 개선할 것”이라며 “원재료 단가가 상승돼 부담이지만 가격을 올리고 믹스를 개선하면 극복할 수 있어서 긍정적”이라고 봤다.대신증권은 “가평 휴게소 영업손실이 올해와 내년 86억원과 57억원으로 추정되지만 트래픽이 보장된 사업이라서 업황이 회복되면 빠르게 이익이 올라올 것”이라고 분석했다."
2021.09.21.,국내선 잠자는 플랫폼 규제…미국은 애플·구글 제재 본격화,https://n.news.naver.com/mnews/article/032/0003099169?sid=101,"[경향신문] 자료사진온라인 플랫폼 기업의 급성장은 전 세계적으로 짙고 긴 그림자를 남겼다. 골목 상권을 죽이는 문어발식 사업 확장부터 플랫폼 노동자의 불안정한 고용 환경 문제, 자사 자체브랜드에 검색 특혜를 주는 자사우대까지 곳곳에서 부작용이 속출했다. 정치권과 경쟁 당국이 잇달아 규제 강화를 예고한 상황이지만 정작 지난해 공정거래위원회가 정부안으로 제출한 플랫폼법은 국회에서 별다른 논의 없이 잠자고 있다. 미국은 최근 플랫폼을 바라보는 기류가 바뀌었다. 플랫폼에 대한 규제에 상대적으로 미온적이었던 데서 무분별한 경제 활동에 제재를 가해야 한다는 분위기가 형성된 것이다. 지난 6월 미 하원 양당은 초당적으로 빅테크 기업의 경제력 집중을 막는 패키지 법안을 내놓았다. 이 법안을 중심으로 국내 시장에 주는 시사점을 살펴봤다.■플랫폼사 ‘자사우대’ 행위 금지…신생플랫폼 시장 진입 위해 데이터 이동 보장지난해 10월 미국 하원 법사위 반독점소위가 발표한 ‘디지털 시장에서의 경쟁과 법집행에 관한 조사 보고서’는 플랫폼 기업에 대한 규제 시작을 알리는 첫 신호탄이었다. 보고서는 ‘GAFA’로 불리는 4개 기업 구글·아마존·페이스북·애플이 잠재적 경쟁 사업자를 무분별하게 인수합병하고 검색어 서비스 등에서 자사 기업에 특혜를 줘 시장 경쟁을 위축 시킨다는 점을 신랄하게 비판했다. 거대 플랫폼 기업이 지배력을 남용해 혁신을 저해하고 언론의 기능을 훼손한다는 점도 문제로 삼았다.하원 양당은 이 보고서를 토대로 지난 6월 5개 법안으로 구성된 패키지법을 공동 발의했다. 이중 ‘미국 온라인 시장 선택과 혁신 법률’은 한국에서도 이미 문제로 드러난 플랫폼 기업의 ‘자사우대’ 행위를 규제하는 내용이다. ‘자사우대’란 네이버·구글 등 플랫폼 사업자가 자사플랫폼을 이용하는 판매자들과 경쟁할 때 자사 상품이나 서비스를 경쟁사의 상품·서비스 보다 노출 등에서 유리하게 만드는 행위를 뜻한다. 법안은 자사우대를 불법으로 규정한 뒤 어떤 것이 금지되는 차별 행위인지를 구체적으로 나열했다. 이에 따르면 플랫폼 운영 중 획득한 비공개 데이터를 이용해서 자사 상품을 노출하거나 선탑재 어플리케이션을 삭제하지 못하게 하는 행위가 모두 불법이다.‘서비스 전환 활성화를 통한 경쟁과 호환성 증진 법률’은 플랫폼 이용자가 다른 플랫폼으로 이동할 때 그간 축적한 데이터를 손쉽게 이동하도록 보장하는 내용이다. 예를 들어 싸이월드 이용자가 인스타그램 등 다른 사회관계망서비스(SNS)로 이동하려 할 때 그간 싸이월드에 저장한 자료가 이동이 어렵다면 다른 SNS를 쓰기가 주저될 수밖에 없다. 자료 호환이 쉬워야 신생 플랫폼이 시장 진입이 수월해진다. 이에 법안은 경쟁 사업자와의 자료 호환을 위해 투명한 인터페이스를 제3자에게 제공하는 의무를 부과했다. 이 밖에 ‘플랫폼 경쟁과 기회 법률’과 ‘플랫폼 독점 종식 법률’은 각각 거대 플랫폼이 타사업자를 인수하는 것을 견제하도록 하고 플랫폼이 이해상충을 일으킬 만한 다른 사업을 영위하는 것 자체를 금지하는 내용이 골자다. ■미국은 GAFA 겨냥했는데 한국은 네이버·카카오?하원의 패키지 법안은 사실상 GAFA를 겨냥한 것으로 해석된다. 법안에 명시된 규제 대상 플랫폼 기준은 ▲월간 활성 사용자 수(5000만명 이상) ▲시가총액 6000억 달러 이상 ▲제품·서비스 판매를 위해 반드시 거쳐야 하는 통로(핵심 거래 파트너) 등이다. 이 기준을 모두 충족하는 곳은 사실상 GAFA 같은 빅테크 기업만이다. 이는 국내에서 마련된 플랫폼 규제 법과 차이가 있다. 지난해 공정위가 정부안으로 제출한 온라인플랫폼 중개거래의 공정화에 관한 법률 제정안과 전자상거래법 등에서의 소비자보호에 관한 법률 개정안은 규제 대상을 거대 플랫폼으로 따로 특정 짓지 않았다. GAFA와 비견되는 국내 거대 플랫폼은 네이버와 카카오를 꼽을 수 있다. 두 기업은  시가총액 3,4위를 놓고 삼성전자 및 SK하이닉스와 다툴 만큼 급성장해 지난 7월 기준 시가총액 합이 전체 상장기업 대비 5%에 달한다. 지난해 기준 국내총생산(GDP)와 비교하면 7%에 해당하는 수준이다. 하지만 두 기업을 거대 플랫폼 기업으로 별도 지정해 인수합병 등을 강도 높게 규제하는 것은 바람직하지 않다는 해석이 있다. 쿠팡, 배달의민족, 야놀자 등의 다양한 플랫폼이 계속 성장 중이고 네이버가 독보적인 지위를 차지했던 검색엔진도 구글 점유율이 점차 증가하는 등 네이버와 카카오의 경제력 집중이 GAFA만큼 크지는 않기 때문이다. 한국개발연구원(KDI)은 지난 달 ‘미국의 플랫폼 반독점법안 도입과 시사점’ 보고서에서 “우리나라의 경우 혁신을 위해 오히려 인수합병을 활성화해야 한다는 목소리가 나오고 있어 미국과는 매우 다른 상황”이라며 “이러한 상황에서 거대 플랫폼 지정을 통해 미국에 상응하는 강한 인수합병 규제를 도입하는 것은 시기상조”라고 말했다. 네이버와 카카오 시가총액 추이하지만 자사우대 행위를 금지하는 제재안이 마련될 필요가 있다고 전문가들은 말한다. 지난해 공정위는 자사 오픈 마켓 입점 업체 상품이 검색 상단에 더 잘 보이도록 검색 알고리즘을 변경한 네이버에 과징금 265억원을 부과했다. 현행 공정거래법상 ‘시장지배적 남용 행위’로 네이버를 제재했지만 이 법만으론 점점 더 다양해지고 있는 자사우대 행위를 전부 막지 못할 것으로 보인다. 최난설헌 연세대 법학전문대 교수는 지난 10일 공정위가 주최한 토론회에서 “(국내법은) 지위 남용 행위의 유형을 열거주의 형태로 정형화하고 있어서 각 유형에 해당하는 구성 요건을 완벽하게 충족시키지 못하면 경쟁제한성을 초래해도 (처벌 등 )법 집행이 곤란하다”며 “플랫폼 알고리즘의 공정성과 투명성을 확보하고 알고리즘의 편향성을 방지하기 위한 노출 순위 및 기준 정보를 제공하는 방안이 필요하다”고 말했다. 이미 유럽연합(EU)은 지난해 7월 시행한 ‘온라인플랫폼규칙’에서 검색 노출 순위 결정에 활용되는 알고리즘의 결정 요소를 일반 대중이 이해할 수 있는 쉬운 용어로 공개할 것을 의무화했다. 만약 직·간접적 경제적 대가로 검색 배열과 순위에 영향을 미칠 때는 관련 기준을 약관에 명시하고 일반 대중에 공개해야 한다. 공정위는 플랫폼법이 국회에서 계류 중인 상황과 별개로 카카오·구글 등 플랫폼사에 대한 조사에 속도를 내고 있다. 지난 14일 자사 안드로이드 운영체제(OS) 사용을 강제한 구글에 2074억원을 부과한 데 이어 구글에 대해서만 앱마켓 경쟁제한, 인앱결제 강제, 광고시장 등 3건을 추가 조사 중이다. 카카오와 쿠팡에 대해선 가맹택시에 배차를 몰아주거나 자체브랜드 상품에 특혜를 준 혐의 등을 들여다보고 있다. 조 위원장은 지난 14일 구글 제재를 발표하면서 “플랫폼 분야는 네트워크 효과와 쏠림 현상으로 인해 후발 사업자의 시장진입이 구조적으로 어렵고, 시장을 선점한 사업자가 독점적 지위를 유지하기 위해 배타조건부 거래 등 반경쟁적 행위를 할 수 있어 시장 감시 강화가 필요하다”며 플랫폼에 대한 강화된 제재 움직임을 예고했다."
2021.09.21.,"증명서 찍은 사진은 되고, 앱 캡처는 안 되고…헷갈리는 ‘백신 인증’",https://n.news.naver.com/mnews/article/028/0002561074?sid=102,"앱·큐아르코드·종이 증명서·스티커만 가능손님 “업소마다 기준 제각각”업주 “증명 없이 우기는 손님에 난감”지난 6일 서울 마포구의 한 식당에 거리두기 안내문이 붙어 있다. 연합뉴스정부가 지난 6일부터 코로나19 백신 접종 완료자의 사적 모임 참석을 확대하는 ‘백신 인센티브’를 도입했지만 현장에서 백신 접종 증명 방식을 두고 혼선이 빚어지고 있다. 현재 접종 증명은 △코로나19 전자예방접종증명 쿠브(Coov) 증명서 △네이버·카카오톡 전자출입명부 큐아르(QR)코드 △종이로 된 예방접종증명서 △신분증에 붙인 예방접종스티커 등 4가지의 방식으로 가능하다. 문제는 손님도, 업주도 가능한 증명 방법을 각기 다르게 알고 있다는 것이다. 손님 입장에서는 업소마다 백신 접종 증명을 인증하는 방식이 제각각이라 당황하는 경우가 종종 생긴다. ㄱ씨(60)는 “함께 식당에 간 일행이 백신 접종 스티커를 보여줬는데 가게에서는 앱으로도 확인해야 한다고 해서 앱을 설치하고 인증하는 데 한참이 걸렸다”고 말했다.업주도 곤란한 상황에 자주 처한다. 방역당국이 공식적으로 인정하는 방법 외의 방식으로 백신 접종 완료자라고 주장하며 승강이를 벌이는 상황이 빈번하게 벌어지기 때문이다. 서울에서 호프집을 운영하는 ㄴ씨는 “백신접종증명서를 찍어놓은 사진이나 캡처한 것을 보여주는 경우는 양반이다. 자신은 백신을 맞았다고 말로 무조건 우기는 손님들도 있는데 그럴 때마다 난감하다”고 말했다. 간혹 주민센터에서 나눠주는 배지를 내미는 사람도 있지만 이 경우에도 올바른 증명 방법이 아니다. 온라인에서는 주민센터에서 발급하는 배지와 유사한 모습의 ‘증명 배지’를 팔고 있기도 하다.온라인에서 판매되고 있는 코로나19 백신 접종 배지. 네이버 쇼핑 갈무리자영업자들 사이에서는 방역당국이 업주에게 과도한 부담을 지우고 있다는 목소리도 나온다. 다중이용시설에서 방역 수칙을 위반할 경우 업주는 최대 300만원, 이용자는 최대 10만원 과태료를 내야 하기 때문이다. 자영업자들이 모인 온라인 커뮤니티에는 “(접종 증명) 배지를 보여주고 우기길래 내보냈다. 벌금에 영업정지에 한 번 걸리면 피해가 막대하다”, “접종 확인서를 찍어서 보여주는 손님도 있는데 신분증 대조 확인하고 있다. 검문소도 아니고….”, “백신 맞았다고 노발대발하면서 자기는 확인증 같은 것 없다면서 팔뚝 들이밀면서 화내서 싸웠다” 등 백신 확인에 대한 부담을 호소하는 글이 꾸준히 올라오고 있다. 방역당국은 백신 인센티브가 익숙해지면 이러한 혼란도 점차 사라질 것이라고 보고 있다. 중앙사고수습본부 관계자는 “백신 접종을 받았다는 문자나 배지, 쿠브앱에 뜬 접종정보 캡처 등은 증빙 자료로 쓰이지 못한다. 대신 종이 증명서를 사진으로 찍어서 보여주는 것은 가능하다”며 “백신접종 증명 방법에 대해서는 브리핑과 보도자료를 통해 지속해서 안내하고 있으며, 지자체 차원의 홍보도 강화하고 있다”고 설명했다."
2021.09.21.,"[정치 맥] 尹 ‘고발 사주’ 의혹 20일차···드러난 사실, 규명할 사항은",https://n.news.naver.com/mnews/article/011/0003964602?sid=100,"<1> ‘고발 사주’ 의혹  어디까지 왔나국민의힘 윤석열 대선 경선 예비후보가 19일 오전 서울역 승강장에서 귀성객들을 향해 손을 흔들어 인사하고 있다./연합뉴스[서울경제] 윤석열 국민의힘 대선 예비 후보가 ‘윤석열 검찰의 고발 사주’ 의혹에 휩싸인 지 20일이 지났다. 이 의혹은 지난해 4·15 총선을 앞두고 당시 검찰총장이었던 윤 후보가 손준성 대구고검 인권보호관(당시 대검찰청 수사정보정책관)을 통해 미래통합당(국민의힘 전신)이 최강욱 열린민주당 대표(당시 열린민주당 비례후보)와 MBC·뉴스타파 기자 등을 고발하도록 사주했다는 내용이다.의혹의 핵심은 손 보호관이 관련 고발장을 작성해 김웅 국민의힘 의원(당시 미래통합당 송파갑 후보)에게 전달했는지, 윤 후보가 이 과정에 관여했는지 여부다. 지금까지 드러난 사실과 앞으로 규명이 필요한 사항을 정리해봤다.조성은 전 미래통합당(현 국민의힘) 선거대책위원회 부위원장/사진=JTBC◇드러난 사실은제보자 조성은(33)씨가 공개한 텔레그램 캡쳐 화면에 따르면 김 의원은 지난해 4월3일과 4월8일 두 차례에 걸쳐 조씨에게 텔레그램으로 사진파일을 전달했다. 최 대표 등에 대한 고발장 2개과 ‘제보자X’ 지현진씨의 페이스북 캡쳐 사진 등이다. 김 의원이 조씨에게 보내온 사진파일 위에 ‘손 준성 보냄’이라고 쓰여 있다. 또 “제보자X가 지현진임”이라는 메시지에도 ‘손 준성 보냄’이라는 표시가 달렸다.인터넷 언론 뉴스버스는 지난 2일 사진파일 최초 송신자로 손 보호관을 특정해 보도했다. 이후 조씨는 CBS 김현정의 뉴스쇼를 통해 ‘손준성 보냄’의 프로필 배경화면 사진과 손 보호관의 휴대전화 번호의 텔레그램 계정 프로필 배경화면 사진이 동일하게 나온 카카오톡 대화 캡쳐 화면을 공개했다. 즉 조씨가 공개한 자료에 조작이 없다는 전제 하에, 조씨가 김 의원으로부터 받은 사진파일의 최초 업로더가 손 보호관 계정이라는 사실은 확인된 상황이다.제보자인 조성은씨가 13일 CBS 라디오에서 공개한 '뉴스버스' 전혁수 기자와의 텔레그램 대화 내용. '손준성'의 프로필과 이번 의혹을 보도한 뉴스버스 전혁수 기자의 텔레그램 연락처 속 손준성 검사의 프로필이 일치했다고 밝혔다./사진=CBS여기에 더해 조씨는 10일 JTBC에 출연해 김 의원이 사진파일을 보낸 뒤 전화로 “(고발장을) 꼭 대검찰청 민원실에 접수해야 하고, 중앙지검은 절대 안 된다”고 말했다고 주장했다. 당시 윤 후보의 대척점에 있던 이성윤 중앙지검장을 피해야 한다는 구체적인 요구가 있었다는 취지다. 다만 이는 조씨의 기억에 의존한 진술이다. 조씨는 이 통화를 녹음해두지 않았다.그러나 손 보호관은 “고발장을 작성하거나 고발장 및 첨부자료를 김웅 의원에게 전달한 사실이 결코 없다”는 입장이다. 또 김 의원은 누군가에게 고발장을 받아 김씨에게 전달한 사실 자체가 기억나지 않는다는 입장이다.김웅 국민의힘 의원./국회사진기자단◇중간 전달자 있었나손 보호관과 김 의원 사이 한 명 이상의 중간 전달자가 있을 가능성이 있다. 예컨대 손 보호관이 A란 사람에게 사진파일을 보냈고, A가 B에게 사진파일을 전달했고, B가 다시 김 의원에게 사진파일을 전달한 경우에도 사진파일에는 ‘손 준성 보냄’이라고 표시된다.만약 손 검사가 사진파일을 누군가에게 전달받아 다시 검찰 외부 사람에게 단순 참고용으로 전달했고, 그 외부 사람이 본인의 의지로 김 의원에게 전달했다면 ‘윤석열 검찰의 고발 사주 의혹’이라는 명제가 성립되지 않을 수 있다.조성은씨가 캡쳐한 김웅 국민의힘 의원과의 텔레그램 대화방./사진=뉴스버스◇작성자는 누구인가고발장 작성자가 누구인지는 아직 알려지지 않았다. 조씨가 받은 사진파일만으로는 작성자의 신원이 추정되지 않고 있다. 최초 작성자는 손 보호관일 수도 있고, 손 보호관 휘하 검사나 수사관일 수도 있고, 수사정보정책관실 바깥의 다른 검찰 인물일 수도 있고, 검찰과 관계 없는 제3자일 수도 있다.즉 검찰 밖에서 고발장이 작성됐고, 손 보호관은 이를 누군가에게 받은 뒤 다시 다른 사람에게 전달했을 가능성도 있다. 다만 이 경우에도 손 보호관이 어떻게 그 고발장을 입수했는지, 또 고발장 등을 찍은 백수십개의 사진파일을 왜 본인 휴대전화에 저장했다가 누군가에게 보냈는지에 대한 의문이 남는다.손준성 대구고검 인권보호관./대구=연합뉴스◇윤석열은 관여했나윤 후보가 고발장 작성·전달을 지시했는지, 혹은 인지했는지와 관련한 증거는 공개된 것이 없다. 단지 손 보호관이 김 의원에게 고발장을 전달했다면, 검찰총장의 ‘눈과 귀’ 역할인 수사정보정책관이었던 손 보호관이 윤 후보에게 보고를 안했겠냐는 의심이 있을 뿐이다.또 4월3일 고발장이 윤 후보의 부인 관련 보도를 문제 삼고 있으며 부인의 혐의 없음을 단정하고 있기에 윤 후보와 상의 없이 만들었겠냐는 지적도 제기된다. 이와 반대로 손 보호관이 윤 후보에 대한 과잉충성으로 독자 행동을 했을 수 있다는 관측이 나오는 등 일말의 증거 없이 추정만 난무하는 상황이다.정점식 국민의힘 의원./사진=국회◇누가 당에 전달했나김 의원이 조씨에게 4월8일에 전달한 고발장과 유사한 고발장이 국민의힘에 전달된 것으로 나타났다. 먼저 미래통합당이 지난해 8월 검찰에 제출한 고발장이 조씨가 김 의원에게 받은 고발장과 내용이 유사하단 사실이 알려졌다. 이후 언론 취재 등을 통해 당시 당 법률지원단장이던 정점식 국민의힘 의원실에 들어온 파일 형태의 고발장이 정점식 의원→당 당무감사실장→조상규 자문위원(변호사) 순으로 전달돼 사용된 것으로 나타났다.이에 정 의원실에 고발장 파일을 전달한 사람이 누구인지에 관심이 쏠린다. 일단 조씨는 김 의원에게 받은 고발장을 당에 전달하지 않았다고 밝힌 상태다. 정 의원실 측은 지난해 8월께 고발장을 받은 것으로 추정하나 누구한테 받았는지는 확인이 안 된다는 입장이다.다만 TV조선이 9일 공개한 정 의원실 고발장 파일 정보를 보면 작성 일자는 지난해 4월22일, 수정 일자는 지난해 5월11일이다. 이를 보면 누군가가 고발장 사진파일을 받아 지난해 4월22일 문서로 작성한 것으로 추정된다. 따라서 김 의원이 조씨 외 다른 당 사람에게 전달했을 가능성, 김 의원에게 고발장을 전달한 손 보호관이나 제3자가 당 사람에게 전달했을 가능성, 혹은 고발장 최초 작성자가 전달했을 가능성 등 모든 가능성이 열려 있는 상황이다.박지원 국가정보원장./연합뉴스◇'제보 사주' 있었나박지원 국정원장의 ‘제보 사주’ 의혹도 불거졌다. 10일 TV조선이 박 원장과 조씨가 8월11일 만났다는 사실을 보도하면서다. 이는 조씨가 뉴스버스 기자와 고발 사주 의혹에 대해 이야기 나눈 뒤 이뤄진 만남이다. 이에 국민의힘과 윤석열 캠프에서는 조씨가 박 원장과 제보 여부와 시점을 상의한 것 아니냐는 의혹을 제기했다.특히 조씨가 박 원장과 만나기 전날 김 의원과 텔레그램 대화방을 캡쳐하고 사진파일을 다운로드 받은 사실이 알려지자 이 의혹에 불이 붙었다. 정치권 일각에서 홍준표 후보 캠프의 이필형 본부장이 해당 만남에 동석했다는 의혹이 나오기도 했다.다만 박 원장과 조씨는 이 본부장이 동석하지 않은 것은 물론이고 제보 내용을 상의한 바도 없다고 밝혔다. 이 본부장도 만남 당일 자신의 행적을 공개하며 동석설을 부인한 상태다. 이들의 부인을 뒤집을 물증은 현재까지 알려진 게 없다.김진욱 고위공직자범죄수사처장./과천=연합뉴스◇수사·조사 상황은수사는 손 보호관과 김 의원에 집중돼 있다. 앞서 고위공직자범죄수사처는 김 의원과 손 보호관의 휴대전화를 압수했다. 하지만 휴대전화에서 관련 증거를 찾을 수 있을지는 미지수다. 김 의원은 휴대전화를 두세 차례 바꿨다고 밝힌 바 있다. 손 보호관은 아이폰을 쓴다. 만약 손 보호관이 공수처에 비밀번호를 알려주지 않으면 열어보지도 못할 수 있다.김재원 국민의힘 공명선거추진단장,/연합뉴스국민의힘 공명선거추진단은 정 의원실에 들어온 고발장 파일 출처에 대해 조사하고 있다. 다만 공명선거추진단은 아직 어떠한 조사 결과도 공개하지 않았다. 이런 와중에 JTBC는 15일 국민의힘 핵심 관계자를 인용해 “‘최강욱 고발장’이 당에 들어온 것은 확인됐다” “‘당시 고발장을 전달받았다’는 복수의 당 관계자들의 진술도 확보했다”고 보도했다. 공명선거추진단장인 김재원 최고위원은 이 보도에 대해 ‘사실무근’이라고 반박했다.‘제보 사주’ 의혹도 사건화된 상태다. 윤석열 캠프가 13일 박 원장과 조씨, 그리고 성명불상자 1인을 국정원법·공직선거법 위반 혐의로 공수처에 고발하면서다. 공수처가 이 사건에 대해 본격적인 수사에 착수했는지는 알려지지 않았다."
2021.09.21.,변화하겠다던 택진이형…돌파구 찾을 수 있을까,https://n.news.naver.com/mnews/article/277/0004972221?sid=105,"[이미지출처=연합뉴스]""그동안 당연히 여겨왔던 방식과 과정에 의문을 품고 냉정히 재점검하겠다.""추석 연휴 전인 지난 17일 김택진 엔씨소프트 대표가 전직원들에게 보낸 메시지의 일부다. 이 한마디에서 짐작할 수 있듯 엔씨는 최근 브랜드가치·주가 하락, 이용자 이탈 등 위기에 직면해 있다. 김 대표가 경영전략에 변화를 예고한 가운데 국내 '1등' 게임사로서 자존심을 회복할 수 있을지 주목된다.20일 한국기업평판연구소가 게임 상장기업 34개에 대해 매긴 브랜드 평판 순위에 따르면 이달 브랜드 평판 1~3위는 크래프톤, 펄어비스, 넷마블 순으로 나타났다. 엔씨는 4위에 그쳤다. 수개월동안 1~2위를 다투던 엔씨가 이달엔 톱3에 안에도 들지 못한 것이다.주가가 빠지는 속도는 더욱 심각하다. 7개월전까지만 해도 100만원을 호가했던 엔씨의 주가는 하락을 거듭해 현재는 58만원대로 내려앉았다. 같은 기간 시총은 10조원가량이나 증발했다.엔씨를 향한 게임 이용자들의 이상 기류는 올해 초부터 감지됐다. 특히 리니지M 내 아이템인 '문양' 업데이트 롤백(이전 상태로 되돌리는 것)사태는 위기의 단초가 됐다. 엔씨는 지난 1월 해당 아이템을 얻기 위해 수천만원이 발생하던 비용을 수백만원 수준으로 절감할 수 있게 만드는 업데이트를 진행했다.이 과정에서 소위 '핵과금러'로 불리며 '문양'에 많은 비용을 썼던 이용자들이 형평성 문제를 제기했고, 엔씨는 결국 업데이트를 취소했다. 하지만 이후 엔씨가 다수 이용자보다 과금을 많이 하는 소수 이용자들을 우선한다며 이용자들이 불매운동을 벌였다. 트럭시위도 진행됐다.그 사이 리니지 이용자 수도 크게 줄었다. 아이지에이웍스의 빅데이터 분석 솔루션 모바일인덱스에 따르면 리니지M의 주간이용자수(8월23~29일)는 13만8281명으로 지난해 같은 기간(22만7139명)보다 10만명 가까이 증발했다. 리니지2M 이용자는 4만8639명으로 역시 작년 같은 기간 보다(9만1021명) 절반 수준으로 줄었다.수년간 매출순위 1~2위 자리를 지켜오던 '리니지 형제'는 카카오게임즈가 서비스하는 '오딘: 발할라 라이징'에 선두자리를 내줬고, 야심작 ‘블레이드&소울2’를 출시했지만 이 역시 과도한 과금구조로 이용자들의 불만을 사며 신통치 못한 성적을 내고 있다.이처럼 회사 내 위기감이 고조되자 김 대표는 ""변화가 필요한 시기다. 문제를 정확히 짚고 대안을 강구하겠다""라며 경영 전략에 변화를 줄 것을 예고했다. 그는 ""도전과 변화를 위해서 당장은 낯설고 불편해도 바꿀 건 바꾸겠다""며 ""고객이 기대하는 모습으로 변화하도록 총력을 기울이겠다""고도 했다.일단 오는 30일 열리는 ‘리니지W’ 2차 쇼케이스는 김 대표가 밝힌 '변화'의 첫걸음이 될 것으로 보인다. 엔씨는 리니지W 출시 전 이용자들의 궁금증을 해소하고 게임의 상세 정보를 안내하기 위해 2차 쇼케이스를 준비했다.쇼케이스는 이용자들의 주요 질문에 상세히 답변하는 형식으로 진행된다. 이러한 방식은 최근 불거진 여러 부정적 여론에 엔씨가 직접 진화에 나선다는 의미로 해석된다.다만 전문가들은 엔씨가 기존 과금 구조를 기반으로 한 비지니스 모델을 포기하지 않는 이상 근본적인 변화를 불러오기는 힘들 것이라고 지적한다. 한국게임학회장인 위정현 중앙대 교수는 ""확률형아이템이라는 마약에 빠져 계속 비슷한 게임을 내놓으면서 매출이 견고하다라고 착각을 했던 것""라며 ""문제를 근본적으로 해결하려는 노력들과 자세가 필요한데 임기응변하려는 자세, 경영진의 태도가 오늘날 계속 문제를 확대하고 키웠던 게 아닌가 싶다""라고 말했다."
2021.09.21.,‘K를 생각한다’ 임명묵이 골라낸 귀경길 ‘웹툰 5選’,https://n.news.naver.com/mnews/article/037/0000029773?sid=103,"[임명묵의 웹툰] 만화는 폰으로 봐야 제맛! 웹툰이 이렇게까지 성공하리라고는 업계 종사자도 대부분 예상하지 못했다고 한다. 웹툰은 청년층이 주도하는 혁신적 문화 콘텐츠이자, 소설과 드라마 등 인접 장르를 매개하는 허브로 자리 잡았다. 수출에 성공하며 세계화라는 과업에서도 성취를 거두고 있다. 웹툰의 핵심 성공 요인은 ‘한국인의 욕망’을 연료로 사용한 점이 아닐까. 케이팝(K- pop)이나 웹소설, 드라마의 성공과 통하는 점이기도 하다. 콘텐츠 공급자가 보라고 ‘권하는’ 작품이 아닌, 수요자인 대중이 ‘갈망하는’ 작품을 만들었기에 오늘날의 신화를 쓸 수 있었다. 즐겁게 본 작품을 위주로 웹툰과 한국인의 욕망에 대해 이야기해보고자 한다.‘인생존망’ 글·박태준/그림·전선욱, 네이버웹툰인생존망.학창 시절 악명 높은 일진이던 장안철은 격투기 선수를 지내며 승승장구하다 과거 별생각 없이 괴롭혔던 동창생 김진우의 몸에 빙의된다. 하필 시기도 김진우가 자신에게 한창 괴롭힘을 당하던 고교 시절이다. 과거 장안철은 ‘네 가지 사건’을 통해 김진우의 일생을 망가뜨렸다. 자신의 몸으로 되돌아오려면 기억나지 않는 네 가지 ‘인생존망’ 사건을 해결해야 하는데, 이 작품에서는 한국 대중 콘텐츠에 담긴 핵심적 욕망인 ‘위계 거스르기’가 능수능란하게 나타난다. 전직 격투기 선수의 영혼이 모범생 몸에 들어가면서 학교 위계질서를 전복하는 내용은 위계 인식이 강한 한국 사회에서 특히 ‘시원한’ 감각을 준다. 한국 학교를 리얼하게 묘사한 작화도 작품에 무척이나 잘 어울린다.‘템빨’ 글·이동욱/그림·Team Argo, 카카오페이지템빨.동명의 인기 웹소설을 원작으로 한 ‘템빨’은 웹소설과 웹툰의 활발한 교류를 대표한다. 템빨 역시 기본적으로 위계질서가 깨질 때 오는 카타르시스를 추구하는 작품이다. 주인공 신영우는 말초적 탐욕만 추구하는 단순한 인물로, 독자조차 눈살을 찌푸리게 만든다. 그는 가상현실게임 ‘SATISFY’에 몰입하며 현실에서 도피하지만 이곳에서조차 무시당하기 일쑤다. 앙심과 좌절감만 키우던 그는 우연히 전설 속 대장장이의 후예가 되면서 정반대 삶을 살아가기 시작한다. 영웅과는 거리가 먼, 한국인이라면 누구나 공감할 법한 ‘찌질한’ 주인공이 성장해가면서 게임과 세계의 위계를 적극적으로 뒤집어버리는 감각적 전개가 일품이다.‘하렘생존기’ 오리발, 카카오웹툰하렘생존기.한국 웹소설이나 웹툰의 주요 특징은 ‘적대적 세계에서 펼치는 생존을 위한 투쟁’이다. 작품 속 세계는 주인공에게 계속해서 압박감을 주는 공간이지, 따뜻하게 품어주는 곳이 아니다. 현실을 벗어나고자 다른 공간으로 도피하더라도, 그곳 역시 생존을 위협하는 환경임이 밝혀질 정도다. 17세기 오스만제국의 화려한 수도 이스탄불을 배경으로 한 ‘하렘생존기’도 마찬가지다. 궁정 노예로 잡혀온 주인공이 권모술수가 난무하는 궁정 하렘에서 살아남으려면 긴장의 끈을 놓지 말고 기지를 발휘해야 한다. 우정을 나눈 친구조차 믿기 어렵다. 매력적인 캐릭터와 긴장감 높은 연출 덕분에 독자들은 17세기 이스탄불이라는 생소한 시공간적 배경에도 스토리에 빠져든다. ‘적대적 세계에서 생존’은 시공간을 초월해 한국인이 무의식적으로 느끼는 세계 인식이 아닐까.‘소녀의 세계’ 모랑지, 네이버웹툰소녀의 세계.투쟁을 통한 생존이나 위계질서 전복만큼 인상적인 주제가 ‘인간관계’다. 한국 콘텐츠에는 등장인물 사이에 관계 그물망이 복잡하게 펼쳐지는 경우가 흔하다. 이들은 학교·회사·가정에서 얽히고설킨 관계망과 위계질서를 판별할 것을 요구받는다. 사소한 실수는 우호관계와 적대관계 형성으로 이어질 수 있다. 오해가 쌓이면서 갈등이 폭발하고, 그러다 오해를 풀어 갈등이 해소되기도 한다. 때로는 여론을 동원해 적을 제압하며 카타르시스도 준다. 여고생들의 우정을 다룬 ‘소녀의 세계’는 이런 점에서 감동적인 우정 이야기이면서도 관계를 다루는 치열한 정치 서사다. 주인공이 복잡하게 얽힌 세 친구와 관계를 풀어나가는 1부에서 이런 경향이 두드러진다. 적대적 세계와 정치적 관계에 몰입하는 우리는 반대로 모든 것을 털어놓을 수 있는 ‘진짜 우정’을 바라는 것일지도 모른다.‘당신의 과녁’ 고태호, 네이버웹툰당신의 과녁.최근 웹툰에 대해 “말초적, 상업 지향적 작품만 범람한다”는 비판이 나온다. 이런 비판이 정당한지 아닌지와는 별개로, 상업적으로 성공하면서도 작가 고유의 문제의식을 담은 작품이 꾸준히 발표되고 있다. 누명을 쓰고 17년간 억울하게 옥살이를 한 주인공의 출소 후 이야기를 담은 ‘당신의 과녁’도 그런 작품이다. 작가는 인간의 고통과 선악이라는 근원적 문제를 파고든다. 등장인물들이 주인공의 고통에 대해 보이는 행동과 표정, 거기서 나타나는 심리묘사는 작가의 연출력에 감탄을 연발하게 한다. 주인공이 복수했으면 하는 욕망, 과거를 잊고 남은 삶을 살아갔으면 하는 바람 사이에서 독자는 갈피를 잡지 못한다. ‘어떤 전개가 더 괜찮은 걸까’라는 의문에 쉽게 답을 내리지 못하게 한다는 점에서 작품의 가치가 돋보인다."
2021.09.21.,"투신한 女공무원에 '니가 한 짓'…그 직장동료 ""범인 지목한적 없다""",https://n.news.naver.com/mnews/article/119/0002531849?sid=102,"[데일리안 = 이지희 기자] 경기 양주시 한 아파트 단지 15층에서 20대 여성이 지난 16일 극단적 선택으로 사망한 가운데 이 여성의 어머니가 딸의 죽음은 ""우리 딸을 범인으로 몰아붙인 직장 동료 때문""이라고 주장했다. 그러나 해당 직장 동료는 이를 부정하고 나섰다.ⓒ온라인 커뮤니티17일 온라인커뮤니티 보배드림에는 '우리 공무원 딸이 자살했습니다'라는 제목의 글이 게재됐다. 숨진 여성의 어머니 A씨는 딸이 사망하기 전 여동생과 주고받은 카카오톡을 비롯해 사건을 다룬 기사 등을 공유했다.A씨는 ""우리 딸 팀원의 가방이 칼로 손괴됐는데 그 가방 주인이 범인으로 우리 딸을 지목했다""며 ""아무런 증거 없이 정황만으로 딸을 범인으로 몰고 경찰서에 신고도 했다. 팀 구성원들도 우리 딸을 범인으로 몰아붙였다""고 주장했다. 이어 ""딸은 경찰서에 출석해 조사를 받고 압박감을 느꼈다. 팀원들의 차가운 시선을 견디지 못하고 자택 15층에서 뛰어내려 자살했다""고 말했다.A씨가 공개한 메시지에 따르면, 딸은 ""사무실에 나 혼자 있었는데 왜 문을 열고 닫았냐 해, 그거 누가 의식해""라고 말한다. 동생이 ""언니가 그랬냐""고 하자 딸은 ""내가 왜 해, 진짜 어이없다"" ""과장도 나 불러서 회의한다고 하고, 너무 슬프다"" ""시청에서 나 칼쟁이 된 것 같아 기분이 너무 안 좋다, 벌벌 떨려"" 등의 억울함을 토로했다.ⓒ온라인 커뮤니티또한 A씨는 딸을 범인으로 지목한 직장 동료의 인스타그램 게시물도 공유했다.해당 게시물에서 그 동료는 ""어떤 미친X한테 몰렸다 생각하고 지나가야 하는데, 그 뒤에 하는 행동들이 사람을 더 미치게 하고 억울하고 답답하게 만든다. 자기 혼자 모르겠지만 다 너인 거 안다. 앞에서 말만 못할 뿐이지 다들 니가 한 짓인거, XXX라는거, 사이코패스라는 거, 니가 섬뜩하다는 거 다 알고 있어. 나이 X먹고 하는 짓은 중딩 수준이라니 네 인생이 불쌍하다""고 적었다. 해당 게시물은 삭제된 상태다.숨진 여성의 유족 측은 ""경찰에 출석해 조사받은 뒤 압박감과 팀원들의 차가운 시선을 견디지 못하고 자신이 살던 집 15층에서 뛰어내렸다""면서 당시 A씨의 딸은 억울함을 호소했지만, 사무실 내 CCTV가 없어 이를 증명할 수 없었다고 전했다.사연이 확산되면서 논란이 커지자 직장둉료 B씨는 억울하다는 입장을 내비쳤다.B씨는 ""사무실 내 CCTV가 없었지만, 복도 CCTV 확인 결과 당시 민원인 1명을 제외하고, 사무실에는 A 씨 밖에 없었다""면서 ""자리를 비운 사이에 가방이 칼로 찢겨 있어 충격을 받고, 이후 트라우마가 생겨 정신과 치료도 받았다""고 전했다. 또 ""A씨를 지목해 고소하지 않았다""면서 ""며칠 숙고 후 범인을 밝혀달라고 수사를 의뢰했던 것""이라고 반박했다.또한""팀원 전체가 A씨를 일방적으로 범인 취급하는 분위기가 아니었고, 오히려 A씨 편에서 격려해 준 팀원들도 많았다""고 덧붙였다.※ 우울감 등 말하기 어려운 고민이 있거나 주변에 이런 어려움을 겪는 가족·지인이 있을 경우 자살 예방 핫라인 ☎1577-0199, 희망의 전화 ☎129, 생명의 전화 ☎1588-9191, 청소년 전화 ☎1388 등에서 24시간 전문가의 상담을 받을 수 있습니다."
2021.09.21.,富의 세대교체…서정진·서경배 밀어낸 韓 부호 톱 5는 누구?,https://n.news.naver.com/mnews/article/031/0000625105?sid=101,"김정주·김범수·권혁빈, 3년 만에 부호 상위 5명 안에 들어…'창업형 부호' 크게 증가코로나19 이후 '부(富)의 세대교체'가 빠르게 이뤄지고 있다. 창업으로 부를 쌓는 '창업형 부호'가 크게 증가한 영향이다. 부호의 평균 연령도 낮아지면서 '부의 세대교체' 속도도 빨라질 것이란 관측이다.21일 기업분석연구소 리더스인덱스가 조사한 한국 부호 순위와 미국 포브스가 매년 발표하는 미국, 일본 등 3개국 상위 주식 부자 150명(국가별 상위 50명)의 2018년과 올해 재산 현황을 비교 조사한 결과, 3개국에서 창업형 부자는 2018년 92명(61.3%)에서 올해 98명(65.3%)으로 4.0%포인트(P) 늘었다. 반면 상속형 부자는 58명(38.7%)에서 52명(34.7%)으로 4.0%P 감소했다.(왼쪽부터) 김범수 카카오 의장, 김정주 넥슨 창업주국가별로 보면 우리나라에서 창업형 부자가 가장 많이 늘었다. 2018년 상위 50위 부자 중 19명(38%)였던 창업형 부자가 올해 25명(50%)으로 12% 증가했다. 같은 기간 미국에서는 창업형 부자가 10명(25%), 일본에서는 12명(30%) 증가한 것보다 월등히 높다.한국에서 3년 전 상위 50위 명단에 없다가 올해 신규로 진입한 부호 21명 중 창업형 부호는 14명이었다. 미국에서는 신규 진입 부호 27명 중 13명이, 일본에서는 14명 중 12명이 창업형 부호였다.창업 부호들의 평균 나이 변화를 보면 미국은 67.9세에서 66.1세로, 일본은 68.7세에서 66.7세로 낮아졌다. 한국은 61.5세에서 56.3세로 가장 많이 낮아져 부의 세대교체가 한국에서 빠르게 일어나고 있는 것으로 분석됐다.3개국 부자 150명의 재산은 코로나19 이후에도 크게 늘었다. 2018년 1조4천914억 달러였던 이들의 전체 재산가치는 올해 2조5천75억원으로 68.1% 증가했다. 특히 창업형 부자들의 재산이 1조441억원에서 1조8천613억원으로 78.3% 급증했다. 상속형 부자들의 재산은 4천473억 달러에서 6천642억 달러로 44.5% 늘었다.[자료=리더스인덱스]우리나라는 2018년 1천258억달러이던 상위 부자 50명의 재산이 올해 1천322억 달러로 5.1% 증가해 3개 국가 중 가장 낮은 증가세를 보였다. 창업형 부자들의 재산이 495억 달러에서 642억 달러로 29.7% 증가한 반면, 상속형 부자들은 763억 달러에서 680억 달러로 10.9% 감소했다.3년 전 우리나라의 부호 상위 5명은 ▲고(故) 이건희 삼성 회장 ▲서정진 셀트리온 회장 ▲이재용 삼성전자 부회장 ▲서경배 아모레퍼시픽 회장 ▲정몽구 현대차 회장으로 4명이 상속부호였다.현재는 ▲이재용 부회장 ▲홍라희 여사를 제외하고 ▲김정주 넥슨 창업주 ▲김범수 카카오 의장 ▲권혁빈 스마일게이트 의장 등 상위 5명 중 3명이 창업형 부호인 것으로 나타났다."
2021.09.21.,[별점공화국]② 먹을 필요도 없다… ‘3분에 1500원’ 별점 조작 알바 해봤습니다,https://n.news.naver.com/mnews/article/366/0000762004?sid=102,"선결제하고 별점 5개에 세줄 리뷰만 쓰면 끝나식당 갈 필요 없이 제자리서 3분만 쓰면 1500원 입금허위 리뷰 단 식당은 별점 만점 맛집으로 소문 “리뷰작성시 별점5점+찜 부탁드리고 이미지 제공매장은 사전에 미리 말씀드립니다. 리뷰작성은 최소 3줄 이상으로 부탁드립니다. 주문 완료후 리뷰 작성은 2시간안에 작성해주세요.”별점을 조작하는 허위 리뷰 조작은 홍보·마케팅 업체가 음식점과 계약을 맺는 방식으로 이뤄진다. 여기서 빠질 수 없는 것이 직접 허위 리뷰를 올리는 아르바이트생(알바)이다. 포털사이트든 배달 앱이든 하나의 계정으로 한 음식점에 여러 개의 리뷰를 올리는 게 어렵다보니 업체들은 알바를 그때그때 모집해 이들의 계정으로 허위 리뷰를 올린다.조선비즈는 이달 중순 직접 허위 리뷰 작성 알바 체험에 나섰다. 단속이 심해서 일자리를 구하기 어려울 것이라는 예상과 달리 몇 시간 만에 허위 리뷰 업체와 연락이 닿았다. 리뷰 작성 알바생을 모집하는 카카오톡 오픈채팅방 ‘리뷰알바/리뷰 모집 대표방’에는 많을 때는 1분에 서너 개씩 아르바이트 모집 글이 올라왔다.지난 10일 오후 2시쯤 기자의 이름과 연락처, 배달의민족과 요기요 앱 사용 가능 여부 등을 업체에 보내자 30분 만에 답장이 왔다. 과거처럼 음식을 직접 먹어보거나 식당을 방문하는 등 내 시간을 써야 할 필요도 없었다. 음식점에서 리뷰할 음식을 주문하고 선결제만 하면 됐다. 배달 앱으로 주문은 하되 음식은 받지 않는 것이다. 가상의 음식에 대해 3줄의 짧은 소감만 남기면 1500원의 알바비를 받을 수 있었다. 선결제한 비용도 알바비와 함께 입금되는 식이다.배달의민족 별점을 조작하는 허위 리뷰가 만들어지는 과정. 마케팅 업체가 보내준 가이드라인(왼쪽)대로 허위 리뷰를 작성하고, 카카오톡(오른쪽)으로 이를 보고하면 업체가 선결제 금액에 알바비를 포함해 보내준다. /이신혜 기자        배달 앱 차원에서 허위 리뷰를 적발하는 것에 대해 불안감을 내비치자 이들 업체는 자신만만했다. 업체 관계자는 두 가지 방식이 있다고 설명했다. 가게를 직접 찾아가는 ‘만나서카드결제(미결제)’와 가게를 찾아가지 않고 선결제하는 ‘직접카드결제(선결제)’ 방식이 있다고 밝혔다.그러면서 이 관계자는 “결제를 하지 않는 ‘만나서카드결제’ 방식은 클린시스템에 잡힐 확률이 높고 이렇게 되면 배달 앱의 블랙리스트에 오를 수 있다”며 “반면에 선결제를 하고 결제액을 페이백 받는 방식은 클린시스템에 걸릴 확률이 거의 없다”고 설명했다. 기자가 더 안전한 선결제 방식을 택하자 다음날 리뷰를 해야 할 업체 정보가 카카오톡으로 전달됐다.기자에게 배정된 업체는 노량진의 한 횟집이었다. 업체가 지정해준 메뉴를 고르고 배달주소를 노량진역 인근으로 설정한 뒤, ‘포장’ 주문을 골랐다. ‘배달’을 선택하면 라이더가 배치되기 때문에 배달 앱 모니터링에 걸릴 확률이 높다는 게 업체의 설명이었다. 업체가 제공한 가이드라인대로 ‘OOOO리뷰 진행해용’이라는 문구를 배달 앱 요청사항에 썼다.포장 준비 시간이 지나고 배달 앱에 음식을 수령했다는 메시지가 떴다. 리뷰를 작성할 시간이었다. 가이드라인대로 별점 5개를 주고 회가 싱싱하고 양도 충분하다는 리뷰를 작성했다. 업체가 제공한 사진도 넣었다. 리뷰를 쓰는데는 3분도 채 걸리지 않았다. 완성된 리뷰를 업체에 보내자 30분 뒤쯤 선결제 금액에 알바비 1500원을 합친 돈이 입금됐다.서울 마포구에서 배달업체 관계자가 배달할 음식을 오토바이에 싣고 있다./ 연합뉴스        집이나 카페에서 다른 할 일을 하면서 업체가 지정해준 대로 틈틈이 리뷰만 작성하면 되는 일이었다. 허위 리뷰 아르바이트가 취업준비생이나 대학생들 사이에서 ‘꿀알바’로 통하는 이유다.리뷰 아르바이트를 꾸준히 하고 있다는 취업준비생인 강예원(가명)씨는 “주위에 배민에서 배달 알바로 용돈을 버는 친구들도 있는데 솔직히 노력 대비 수입으로 치면 배민에서 배달하는 것보다 배민에 리뷰 쓰는 게 훨씬 이득”이라며 “큰 돈 벌 생각 없이 커피나 점심 값 정도 번다고 생각하면 만족도가 높다”고 설명했다.업체는 다음 날에도 기자에게 ‘작업’을 할 식당 정보를 보내왔다. 새로 보내준 식당 정보를 찾는 김에 전날 작업한 횟집을 배달의민족에서 찾아봤다. 별점은 5점에 수백개의 ‘맛있다’는 리뷰가 달려 있었다.[별점공화국]① 당신이 본 별점리뷰는 조작됐습니다[별점공화국]③ 벌점이 된 별점… 1점 떨어지면 매출 40% ‘뚝’[별점공화국]④ 카카오맵은 별점 테러의 온상… 뒷짐 진 플랫폼에 자영업자만 운다"
2021.09.21.,신상은 못 참지! 갤럭시Z 폴드3·갤럭시Z 플립3 ‘비교 체험’해봤다,https://n.news.naver.com/mnews/article/037/0000029775?sid=101,"[구희언의 Trend to watch] ‘야심작’ 뭘 살까 고민된다면매거진동아 유튜브 채널을 갤럭시Z 플립3(왼쪽)와 갤럭시Z 폴드3에서 연 모습.“천서진은 도망 다니는 와중에도 갤럭시Z 플립3를 쓰네.”9월 10일 인기리에 종영한 SBS 드라마 ‘펜트하우스 시즌3’ 실시간 대화창에 올라온 한 시청자의 글이다. 드라마를 볼 때 다른 시청자들과 함께 보는 기분을 느끼고자 대화창을 켜두는데, 극 중 천서진(김소연 분)이 PPL(간접광고) 제품인 삼성전자 ‘갤럭시Z 플립3’를 꺼내 들자 모두가 약속한 것처럼 스마트폰 이야기를 했다. 드라마 톡이 아니라 정보기술(IT) 톡방에 온 것 같았다. 화면에 스마트폰이 잡힐 때마다 “플립 예약 힘들었을 듯” “사채업자 피해 다니면서도 새 폰은 예약함 ㅋㅋㅋ” “플립 좋아요?” “예쁘긴 예쁘다” “이번 제품은 잘 뽑은 듯” “은별이가 엄마 폰 대신 사줬나 ㅋㅋㅋ” 같은 대화가 오갔다.삼성전자는 최근 신규 폴더블폰 ‘갤럭시Z 폴드3’와 ‘갤럭시Z 플립3’를 내놨다. 갤럭시Z 폴드3와 갤럭시Z 플립3의 예약판매 기간 판매량은 92만 대. 이는 삼성전자 스마트폰 중 역대 최고 기록이다. 9월 중국을 비롯해 10월까지 130여 개국에 출시될 계획이다.확실히 이번 신제품의 체감 인기가 남다르다. ‘대기업’ ‘PPL’이라고 하면 욕부터 하고 보는 온라인 커뮤니티에서도 제품에 대한 반응이 우호적이었다. MBC 예능프로그램 ‘구해줘! 홈즈’에는 PPL로 갤럭시Z 폴드3가 나왔는데, 개그맨 양세형이 스마트폰을 펼쳐놓고 집주인과 영상통화하며 다른 화면에 S펜으로 메모하는 장면을 보고 ‘업무용으로 쓰면 좋겠다’고 생각했다.입사 초 애플 아이폰을 쓰다 직업 특성상 통화 녹음 기능이 필요해 안드로이드 폰으로 넘어간 후 갤럭시노트 시리즈와 구글 픽셀, 샤오미 홍미 시리즈를 써봤다. 지금 쓰는 건 갤럭시S21 울트라. 그런 기자가 갤럭시Z 폴드3와 갤럭시Z 플립3를 일주일간 들고 다니며 비교 체험해봤다.가볍고, 예쁘고, 흔하지 않은 게 좋아!아이폰12 프로 맥스(왼쪽)와 갤럭시Z 폴드3, 갤럭시Z 플립3의 크기를 비교했다.한손에 쏙 들어오는 크기가 매력적인 갤럭시Z 플립3. 셀피 놀이하기에 좋다(왼쪽). 갤럭시Z 플립3와 갤럭시Z 폴드3의 외부 카메라.디자인과 휴대성 잡은 갤럭시Z 플립3먼저 갤럭시Z 플립3 크림 컬러는 주요 온라인 커뮤니티에서 ‘샤넬 팩트 색 vs 오래된 에어컨 색’으로 설왕설래하던 모델이다. 사진상으로는 조금 빛바랜 아이보리색으로 보였는데 실물이 훨씬 고급스럽고 예뻤다.스마트폰으로 영상을 많이 보고 멀티윈도 기능을 애용하며 게임도 장시간 돌리는 ‘헤비 유저’인 기자에게는 원래 쓰던 갤럭시S21 울트라 배터리 용량이 5000mAh로 커서인지 갤럭시Z 플립3의 배터리 용량(3300mAh)이 다소 부족했다.갤럭시Z 플립3와 갤럭시Z 폴드3(4400mAh), 갤럭시S21 울트라의 화면 밝기를 최대로 해놓고 고스펙 스마트폰 게임을 켜 ‘자동사냥’을 반나절가량 돌렸는데, 갤럭시Z 플립3 배터리만 훅 줄어 충전해야 했다. 헤비 유저가 아니면 일상에서 부족하다고 느낄 정도는 아니다. 다만 개인차는 있겠으나, 오래 쓰니 액정에서 발열이 꽤 느껴졌다.갤럭시Z 플립3는 후면 카메라가 2개(전면 카메라 1000만 화소, 후면 카메라 초광각·광각 1200만 화소)로 갤럭시Z 폴드3(전면 UDC 카메라 400만 화소, 후면 초광각·듀얼 픽셀·망원 카메라 1200만 화소)의 3개보다 적다. 그만큼 가벼워 반으로 접어서 세워두거나 손바닥에 올려 셀피를 찍기에 딱이었다. 유튜버들의 브이로그에 자주 나오는 카메라처럼 활용하거나, 영상통화를 할 때 쓰기 편했다.삼성전자 스마트폰에서 자주 쓰는 기능 중 하나는 AOD(Always On Display)다. 화면 잠금을 해제하지 않고도 시간과 일정을 확인할 수 있어 늘 켜두는 처지에서 여타 스마트폰과 비슷한 크기의 휴대전화를 ‘귀찮게’ 또 접을 필요가 있을까 싶었다. 그러나 그 ‘귀찮음’을 감수하며 갤럭시Z 플립3를 선택한 구매자들이 말하는 제품의 매력은 다음과 같다.“처음에는 갤럭시Z 폴드3가 나오자마자 사야겠다 싶었는데 매장에서 갤럭시Z 폴드3와 갤럭시Z 플립3를 만져보고 생각이 달라졌어요. 갤럭시Z 플립3는 접으면 담뱃갑만 하고 셔츠 앞주머니에도 들어가 가벼움과 휴대성이 매력적이더라고요.”(40대 남성)“폴더폰을 안 써본 세대라 그런지 이 디자인이 바 형태보다 신선해서 마음에 들었어요. 다꾸(다이어리 꾸미기)하듯 외부 액정을 GIF 파일로 꾸미거나 케이스를 커스터마이징하는 것도 재미있고요. 핸드백에 넣어도 무겁지 않고, 고급스러운 화장품 팩트처럼 예뻐서 좋아요.”(20대 여성)갤럭시Z 플립3는 접은 상태에서도 외부 액정을 손으로 드래그하면 삼성페이를 이용해 결제 카드를 선택할 수 있었다. 폰 여닫기 귀찮은 사람의 취향을 저격한 기능이다.시원한 큰 화면이 좋아!갤럭시Z 플립3와 갤럭시Z 폴드3에서 카카오웹툰 애플리케이션을 열었다(왼쪽). 갤럭시Z 플립3와 갤럭시Z 폴드3에서 나무 MTS 앱을 열었다.동영상, 게임에 S펜까지 갤럭시Z 폴드3갤럭시Z 폴드3 팬텀 블랙 컬러 모델을 180도로 펼치고 받은 인상은 아이패드 미니나 갤럭시탭 같다는 것이었다. 7.6인치의 큼직한 화면이 시원했다. 액정 접히는 부분이 거슬리지 않을까 싶었는데, 금방 적응했다. 오히려 접히는 부분보다 화면 아래 넣은 언더디스플레이카메라(UDC)가 모기장처럼 느껴져 전체 화면으로 콘텐츠를 볼 때는 살짝 거슬렸다.갤럭시Z 폴드3는 접은 상태에서도 외부 액정을 통해 기능을 대부분 쓸 수 있었다. 접고 펴는 게 귀찮은 이에겐 편할 것 같았다. 외부 액정이 일반 스마트폰 액정만큼 커서 문자메시지나 카카오톡 메신저 확인, 간단한 검색을 하는 데 지장이 없었다. 장시간 써도 발열은 생각보다 없었다.개인적으로 한 화면에서 두 가지 애플리케이션(앱)을 동시에 쓸 수 있는 멀티윈도 기능을 평소 애용한다. 갤럭시Z 폴드3는 멀티윈도 기능을 써도 스마트폰 2개를 붙인 듯한 큰 화면 덕에 편안한 스마트폰 라이프를 즐길 수 있었다.기자 소유의 갤럭시S21 울트라와 이번에 체험한 갤럭시Z 폴드3, 갤럭시Z 플립3로 같은 공간에서 찍은 사진(더 많은 무보정 고화질 사진은 주간동아 네이버 포스트에서 확인할 수 있다).갤럭시S21 울트라를 사용하기 전까지는 갤럭시노트 시리즈를 써왔는데, 이 같은 팬심을 오래 유지할 수 있었던 데는 화면에 바로 메모할 수 있는 ‘S펜’의 힘이 컸다. 갤럭시Z 폴드3부터는 폴더블 세계 최초로 S펜 기능을 지원한다. 다만 갤럭시노트 시리즈처럼 S펜이 기기에 내장되지는 않고, 별도로 갤럭시Z 폴드3 전용 플립커버를 사야 S펜을 장착할 수 있다. 사전예약자에게는 S펜과 커버가 지급됐는데 지금은 별도로 사야 한다.기자가 쓰는 갤럭시S21 울트라의 100배 줌 카메라는 달 표면까지 찍을 수 있고, 고화질로 찍은 사진은 잡지에 인쇄해도 무리가 없을 정도로 선명하다. 헤비 유저인 데다 S펜 마니아인 기자의 기준에서 가장 이상적인 스마트폰은 갤럭시S21 울트라급 카메라를 단, S펜을 지원하는 폴더블폰이었다. 그러나 그런 모델이 나왔다면 가격이 만만찮았을 것이다. 삼성전자 관계자는 “모델마다 타깃 고객이 다르고 중요하게 여기는 기능도 다르다. 제품에 맞춰 최적의 사용 경험을 할 수 있도록 설계했다”고 설명했다.그렇다면 갤럭시Z 폴드3를 실제로 산 이들이 말하는 장점은 뭘까.“계속 눈여겨보던 모델이에요. 처음 폴드 시리즈가 나왔을 때 사려다 아무래도 첫 모델은 버그가 있고 단점도 보여서 ‘지름신’이 오는 걸 계속 참았어요. 갤럭시Z 폴드2까지 참았다가 이번에 나온 모델은 갤럭시 투고(Galaxy To Go) 서비스로 써보고 바로 샀어요. 전작들과 달리 S펜을 활용할 수 있어 좋아요.”(30대 남성)“평소 넷플릭스나 유튜브를 즐겨 보는데 딸아이가 영상을 볼 거면 큰 화면이 낫다고 추천해 사게 됐어요. 처음에는 액정 접히는 부분이 약하면 어쩌지, 눈에 계속 거슬리면 어쩌지 걱정되더라고요. 금방 적응해 편하게 쓰고 있지만요. 플립 커버를 씌운 스마트폰 같은 디자인이지만 플립 커버보다 기능이 많고 화면도 커 마음에 듭니다.”(50대 여성)스마트폰은 거추장스러운 액세서리 없이 일명 ‘생폰’으로 쓰는 게 진리라고 여긴다면 두 모델이 좋은 선택이다. 특히 액세서리로 많이들 사는 스마트폰링(그립톡)을 부착하지 않고도 두 제품 모두 접어서 세울 수 있다. 지금 쓰는 갤럭시S21 울트라는 부착한 스마트폰링 때문에 무선충전을 할 때마다 케이스를 벗겨야 하는 게 단점이다. 갤럭시Z 플립3와 갤럭시Z 폴드3는 그런 액세서리 없이도 살짝 접으면 거치대에 올린 것처럼 편하게 영상을 보거나 게임을 할 수 있다.참고로 기기 내 실험실에서 스마트폰을 75~115도로 접어도 작동하는 플렉스 모드 패널 기능을 켜면 화면 상단에는 앱이, 하단에는 앱을 사용할 때 유용한 컨트롤러가 나온다. 두 모델 모두 IPX8 등급의 방수를 지원한다. 장단점을 살펴보고 마음이 기울었다면 갤럭시 투고 서비스를 활용해 직접 만져보고 선택하길 권한다.*포털에서 ‘투벤저스’를 검색해 포스트를 팔로잉하시면 다채로운 투자 정보를 만나보실 수 있습니다."
2021.09.21.,"""당신을 노리는 보이스피싱""··· 이것만 봐도 사기 피할수 있다",https://n.news.naver.com/mnews/article/011/0003964534?sid=101,"영화 ‘보이스’에서 보이스피싱 피해자인 전직 경찰 서준(변요한· 사진 앞줄 왼쪽)이 중국 선양의 보이스피싱 본거지 ‘콜센터’에 위장 취업해 기획자 ‘곽프로’(김무열·서 있는 인물)의 통화 내용을 들으며 분노를 참고 있다. /사진제공=CJ ENM[서울경제] 날로 진화하는 보이스피싱, 당신은 ‘안전지대’에 있을까. 지난 15일 개봉한 영화 ‘보이스’는 조직적으로 이뤄지는 보이스피싱에 대한 위험이 당신을 노리고 있다는 현실을 잘 보여주는 사례다.전직 경찰 서준(변요한)은 건설현장 반장으로 고생한 끝에 현장감독으로 정식 계약하자는 제안을 받는다. 그날 서준의 아내는 낮선 변호사로부터 걸려온 전화를 받는다. 친구라며 자신을 소개한 변호사는 건설현장에서 인부가 사망해 서준이 조사를 받고 있다고 전한다. 뒤이은 형사의 전하까지. 당황한 아내는 아파트 중도금 7,000만원을 보낸다. 뒤늦게 서준과 통화가 되지만 돈은 인출한 뒤다. 서준은 보이스피싱 본거지인 중국 선양 콜센터에 위장 취업한다.영화 보이스는 사실에 기반을 둔 ‘픽션’이지만 ‘논픽션’도 이에 못지않다. A씨 휴대폰에 지난 2월 낯선 문자가 떴다. 누구냐고 물은 메시지에 온 답은 “엄마 딸”이었다. 휴대폰 액정이 깨져서 문자랑 카카오톡만 된다며 카톡 친구 추가를 해달라는 내용이었다. 평소 딸이 보내는 말투, 이모티콘이 똑같아 의심하지 않았다. A씨는 시키는 대로 앱을 깔고 신분증과 카드의 앞뒤 사진을 보냈다. 다음날 A씨는 한 번도 거래가 없던 은행에서 2,400만 원이 비대면 대출로 나간 사실을 알게 됐다.영화 같은 사례는 또 있다. 올해 초 신협 광교지점에 한 조합원 부부가 찾아왔다. 이들은 창구를 방문해 예금을 중도해지하고 1억 원 상당의 현금 인출을 시도했다. 담당 직원이 보기엔 너무 이상한 모습이었다. 알고 보니 부부는 딸을 납치했다는 보이스피싱 조직의 협박을 받고 있었다. 즉시 경찰에 신고했고, 발빠른 대응으로 딸의 신변이 무사한 것도 확인했다. 결국 조합원 부부의 예금도 지킬 수 있게 됐다.금융감독원이 운영하고 있는 ‘보이스피싱 그만’ 유튜브 채널(https://www.youtube.com/channel/UCXbhCl3TIb0nZis6xykgNmQ). /사진제공=유튜브 사진 캡쳐보이스피싱은 피해가 발생하면 일단 범인을 잡는 게 사실상 불가능하다. 때문에 사전에 예방하는 게 무엇보다 중요하다. 금융감독원이 보이스피싱 예방교육에 중점을 두는 것도 이 때문이다. 금융감독원이 운영하는 유튜브 채널 ‘보이스피싱 그만'에선 다양한 피해 사례를 쉽게 접할 수 있다. 해당 채널엔 금감원과 전국은행연합회와 금융투자협회, 여신금융협회 등 각 금융협회·중앙회 10곳이 보이스피싱의 최신 사기수법 및 피해 예방법을 알기 쉽게 배울 수 있도록 만든 동영상이 지난 17일 게재됐다.동영상은 사기 유형별로 구분돼 있다. 기관사칭형을 비롯해 대출사기형, 메신저피싱형 등이다. 여기에 피해예방과 대처방법, 금융회사별 피해예방 우수사례 동영상도 확인할 수 있다. 동영상은 전 연령층이 쉽게 이해할 수 있도록 애니메이션 형식으로 제작됐고, 분량은 주제별로 약 5분 내외다. 소비자가 보이스피싱 사기수법을 생생하게 체험할 수 있도록 실제 피싱 사기범 음성자료(그놈 목소리) 및 사기문자 재연화면 등이 활용됐다.금융감독원의 ‘보이스피싱 지킴이’ 홈페이지(https://phishing-keeper.fss.or.kr). /사진제공=금융감독원이 밖에도 금감원은 ‘보이스피싱 지킴이’ 사이트를 통해 보다 자세하게 피해 사례를 제공하고 있다. 피해구제 방법 등도 해당 사이트를 통해 확인할 수 있다."
2021.09.21.,"올 추석에도 ‘스미싱’ 기승… “문자 발신자 확인, URL 클릭 주의”",https://n.news.naver.com/mnews/article/417/0000736777?sid=105,"추석 연휴 주의해야 할 스미싱 위협. /자료제공=이스트시큐리티문자 메시지(SMS)를 통한 피싱 수법인 ‘스미싱’이 올 추석 연휴에 더욱 기승을 부릴 전망이다. 코로나19 상황에 따른 사회적 거리두기로 직접 방문보다 메시지 교환이 늘어나는 틈을 노려 사칭문자가 급증하고 있어 이용자 주의가 요구된다.이스트시큐리티 시큐리티대응센터(ESRC)에 따르면 올해 8월까지 모바일 백신 ‘알약M’을 통해 확인된 스미싱 공격은 14만건을 상회한 것으로 집계됐다. 이어 추석을 앞두고 ‘택배’ ‘5차 재난지원금’ ‘추석 선물·기프티콘 도착’ 등 키워드를 사용하는 스미싱 사례가 증가하고 있는 것으로 확인됐다.SK텔레콤의 분석에서도 추석을 앞두고 의료기관을 사칭해 신체검사 결과 확인을 유도하거나 택배회사를 사칭해 배송 확인 또는 주소지 변경을 유도하는 사례가 급증한 것으로 조사됐다. 특히 국민지원금 신청 시기와 맞물려 정부기관이나 금융사의 정상 메시지로 위장해 지원금 신청 유도, 추석특별자금 신청 안내, 소상공인 지원 안내 등을 사칭하는 스미싱이 증가했다. 가족이 보낸 안부문자로 오인할만한 내용을 담는 등 수법도 다양해졌다.대응방법은 먼저 이렇게 신체검사, 교통범칙금, 택배 배송 안내 등을 가장해 출처를 알 수 없는 앱 설치 또는 인터넷 주소(URL) 접속을 유도할 경우 이를 클릭하면 안 된다. 휴대폰에 악성 앱에 설치될 수 있다. 지인이나 자녀의 안부 메시지를 위장해 악성 URL을 보내는 사례도 있어 특히 스마트폰 사용이 익숙지 않은 노년층의 주의가 요구된다. 만약 앱이 설치됐다면 모바일 백신 등을 활용해 즉시 삭제해야 한다.금융사를 사칭해 저리대출, 재난지원금 신청, 소상공인 특별대출 등을 안내하는 문자를 받았을 경우 메시지에 포함된 전화번호나 안내된 회신번호로 연락하지 않는 게 바람직하다. 만약 통화했더라도 상대방이 카카오톡 등 메신저나 문자로 보내온 URL을 클릭하지 말고 대출신청 요구에도 응하지 않아야 피해를 막을 수 있다. 전문가들은 은행과 카드사 등 금융서비스가 필요할 경우 본인이 직접 금융사를 찾아가는 것을 권고한다.가족이나 지인을 사칭해 문자메시지로 휴대폰 고장·분실을 알리며 개인정보 또는 현금 송금, 선물하기 등을 요구한 사례도 흔히 발생한다. 가족이나 지인이 사고를 당했다거나 친구나 주변 지인 휴대폰을 통해 긴급한 상황에 처했다는 문자를 받았다면 해당 가족이나 지인에게 직접 연락을 취해 메시지 내용이 맞는지 확인한 후 대응해야 한다. 급한 마음에 상대방이 요구하는 신분증, 은행 계좌정보, 송금 요청 등에 응하면 큰 피해를 입을 우려가 있다.검찰, 경찰, 법원 등 사법기관은 어떤 경우에도 금전 이체를 요구하거나 개인 금융거래 정보를 수집하지 않는다고 공식적으로 밝히고 있다. 문자나 전화로 이런 사법기관을 사칭해 범죄에 연루됐다며 접근해오는 경우 해당 기관의 공신력 있는 전화번호 등을 이용해 사실 여부를 확인한 후 대응해야 한다. 검찰의 출석 통지, 구속영장 등 서류에 대한 진위 여부도 서울중앙지검이 운영하는 ‘찐센터’를 통해 확인할 수 있다.이통사별 스팸차단 앱(SKT T전화, KT 후후, LGU+ 후스콜)을 설치해 모르는 번호에 대해 정보 확인 후 스팸문자를 걸러내면 스미싱 피해 예방에도 도움이 된다. 만약 금융 피해 등이 의심되는 일이 발생하면 즉시 해당 금융사 고객센터, 경찰청(112), 금융감독원(1332)으로 문의해 계좌의 지급 정지 등을 신청하는 것이 바람직하다. 한국인터넷진흥원(KISA)에도 스팸 등에 대해 신고할 수 있다.한창규 안랩 시큐리티대응센터(ASEC) 센터장은 “공격자들은 경계심이 느슨해지는 명절을 틈타 다양한 공격을 펼쳐왔다”며 “특히 올 추석은 비대면 환경 속에서 국민지원금, 백신 접종 등의 중요한 사회적 이슈를 활용한 공격이 예상됨에 따라 사용자들의 기본 보안수칙 준수가 필수적”이라고 말했다.추석 연휴 사이버 방역 보안 수칙. /자료제공=안랩"
2021.09.21.,"수수료 논쟁 재점화…카드사""동일기능, 동일규제"" vs 빅테크""비교대상 아냐""",https://n.news.naver.com/mnews/article/277/0004972222?sid=101,"'연매출 30억원 이하' 가맹점 수수료 0.8~1.6%빅테크 결제수수료는 2.0~3.08%[이미지출처=연합뉴스]빅테크(대형 정보통신기업)와 카드사 간 수수료율 논쟁이 재점화 되고 있다. 코로나19 장기화로 영세자영업자들의 경영상황이 악화되면서 정치권을 중심으로 수수료율 인하 논의가 불거지면서다.21일 국회 정무위원회 소속 김한정 더불어민주당 의원실에 따르면, 지난달 말 기준 카드사 우대가맹점 기준인 '연매출 30억원 이하' 가맹점 수수료는 0.8~1.6%인 데 반해, 빅테크 결제수수료는 2.0~3.08%인 것으로 조사됐다. 연매출 3억원 이하 영세 소상공인에 적용되는 수수료의 경우 신용카드는 0.8%, 네이버페이 주문형 결제수수료는 2.2%로 3배 가까이 높은 것으로 나타났다.김 의원은 ""네이버페이, 카카오페이 등 빅테크는 코로나 반사이익으로 크게 성장하고 있으나, 우리사회의 상생이나 고통분담에 동참하려는 의지가 약하다""며 ""코로나로 어려움을 겪고 있는 영세 소상공인이나 자영업자의 고통을 분담하는 차원에서 빅테크의 결제수수료 인하를 적극적으로 추진할 필요가 있다""고 강조했다.이에 대해 네이버페이를 운영 중인 네이버파이낸셜은 신용카드사와 동일 비교 대상이 아니라고 반박했다. 신용카드사에 지급하는 수수료와 주문관리 수수료를 제외한 실질 수수료율은 0.2~0.3%에 불과하다는 주장이다.네이버파이낸셜 측은 ""수수료는 신용카드사에 지급하는 가맹점 수수료와 신용이 낮은 온라인쇼핑몰 부도로 인한 손실 위험을 부담하는 등 결제대행(PG)사 역할에 따른 수수료로 구성된다""며 ""주문형 결제수수료의 경우 PG역할 뿐 아니라 발송·교환·반품 등 판매 관리, 배송추적, 빠른정산 지원, 부정거래 방지(FDS) 등 여러 서비스가 포함돼 있다""고 설명했다. 주문 관리형 네이버페이의 경우 여러 부가 서비스를 제공하므로 결제 기능만 제공하는 신용카드 수수료와 직접 비교하는 것이 적절치 않다는 것이다. 또 네이버페이의 결제수수료와 주문관리수수료 모두 업계 최저 수준이라고 강조했다.하지만 카드업계는 간편결제 시장이 급성장하는 가운데 같은 결제 기능을 제공하는 빅테크들이 규제에서는 벗어나 있다고 지적한다. 카드사는 여신전문금융업법에 따라 3년마다 적격비용 재산정을 통해 수수료율을 조정하지만, 빅테크의 경우 전자금융거래법에 수수료와 관련된 조항이 없다는 것이다. 업계 관계자는 ""발송·교환 등 판매관리를 제외한 정산 지원, 부정거래 방지, 회원 관리 등 서비스는 카드사들도 이미 제공하고 있다""며 ""매년 두 자릿수 성장을 보이고 있는 간편결제 시장에서 같은 결제 서비스를 제공하는데 차별화된 규제를 받고 있다는 점이 형평성에 어긋난다""고 지적했다.실제 한국은행이 발표한 2021년 상반기 국내지급결제 동향에 따르면 모바일기기 등을 통한 결제금액은 일평균 1조1280억원, 이 중 간편결제서비스 이용금액은 일평균 4670억원으로 전체의 41.1%를 차지했다. 특히 간편결제서비스 이용금액 중 핀테크업체가 차지하는 비중은 전체의 63%, 금액으로는 일평균 2,940억원에 달했다."
2021.09.21.,추석 쌈짓돈 잘 굴리면 최고 연 10% 금리 '휘영청',url없음,<네이버 기사 없음>
2021.09.21.,"[픽뉴스] 러시아 대학 총기 난사 / ""백신 맞지 마세요"" / 김범수 석 달 천하 / MB·박근혜의 특식 / 9억 횡령한 여성 경리사원",https://n.news.naver.com/mnews/article/057/0001609078?sid=102,"【 앵커멘트 】  키워드로 살펴보는 오늘의 화제, 픽뉴스 시간입니다.  오늘은 권용범 기자와 이야기를 나눠 보도록 하겠습니다.【 질문 1-1 】  권 기자. 첫 번째 키워드는 뭔가요?【 기자 】  '러 대학서 총기 난사'입니다.【 질문 1-2 】  대학교에서 총기 사건이 일어난 것 같은데, 어디죠?【 기자 】  러시아 중부 도시 페름의 국립연구대학에서 벌어진 일인데요.  현장 영상, 직접 보시겠습니다.  총에 맞은 걸로 보이는 한 남성이 잔디밭에 쓰러져 있습니다.  놀란 학생들은 서둘러 캠퍼스를 빠져나오고, 무장한 경찰들이 들어가는데요.  현지시각 20일 오전 11시쯤 대학 캠퍼스에서 무차별 총기 난사 사건이 발생했습니다.  약 3,000명의 학생이 수업 중이었는데, 최소 6명이 숨지고 24명이 다쳤습니다.【 질문 1-3 】  총격범은 파악됐나요?【 기자 】  이 학교 법학부 1학년 학생이었습니다.  경찰이 저항하는 총격범과 현장에서 총격전을 벌인 끝에 체포했는데, 직접 들어보시죠.▶ 인터뷰 : 칼리닌 / 총격범 제압 경찰- ""총격범이 내게 총을 겨누고 발사했습니다. 그때 저도 총기를 사용했습니다.""  범행 동기는 아직 알려지지 않았습니다.  다만, 총격범이 주변 사람들에 대해 무차별적 증오심을 드러냈던 것으로 전해졌고요.  또, 정신질환에도 합법적으로 총기를 구매한 사실도 드러났습니다.  수사 당국은 총격범을 다중살해 혐의로 입건하고 정식 수사에 착수했습니다.  러시아에서는 지난 5월에도 중부 도시 카잔의 한 대학교에서 총기 난사 사건이 발생해 9명이 숨진 바 있습니다.【 질문 2-1 】  두 번째 키워드는 뭔가요?【 기자 】  '""백신 맞지 마세요""'입니다.【 질문 2-2 】  접종을 독려해도 모자랄 상황인데, 대체 무슨 말인가요?【 기자 】 미국 노스캐롤라이나주에서 이런 문구가 적힌 차량이 포착된 건데요.  사진을 한번 보시면, 장례식장 광고로 보이는 차량에 실제로 백신을 접종하지 말라는 문구가 보입니다.  언뜻 보면 백신 반대론자들이 만든 게 아닌가 싶지만, 반전이 숨어 있었습니다.【 질문 2-3 】  어떤 반전이죠?【 기자 】 바로 밑에 적힌 장례식장 홈페이지에 들어가 보니, 그 답이 있었습니다.  ""지금 예방접종하지 않으면 곧 만나게 될 것""이라는 문구가 나오는데요.  이 문구를 클릭하면 백신 접종 예약 페이지로 연결됩니다.  장례식장에 오고 싶으면 백신을 맞지 말라는 뜻의 접종 독려 캠페인 광고였던 겁니다.  장례식장 역시 가짜였다고 하는데요. 누리꾼들은 ""좋은 마케팅 전략""이라는 칭찬과 동시에 ""코로나19 사망자를 조롱하는 셈""라는 엇갈린 반응을 보였습니다.【 질문 3-1 】  세 번째 키워드는 뭔가요?【 기자 】  '김범수 석 달 천하'입니다.【 질문 3-2 】  석 달 만에 어떤 변화가 생긴 거죠?【 기자 】  블룸버그가 집계하는 세계 500대 부자 순위 결과가 나왔는데요. 이재용 삼성전자 부회장이 약 13조 1,000억 원으로 212위를 차지해 한국인 부자 순위 1위에 올랐습니다.  약 12조 5,000억 원으로 225위에 이름을 올린 김범수 카카오 이사회 의장을 제친 건데요.  김 의장은 불과 석 달 만에 한국 최고 부자 타이틀을 이 부회장에게 반납하게 됐습니다.  서정진 셀트리온그룹 명예회장과 홍라희 전 리움미술관장, 김정주 넥슨 창업자도 순서대로 한국인 5대 부자 순위에 이름을 올렸습니다.【 질문 3-3 】  1위 자리의 주인이 바뀐 이유가 뭔가요?【 기자 】  최근 카카오의 공격적인 사업 확장에 제동이 걸리면서 주가가 하락한 게 직접적인 원인으로 보입니다.  시장 독점과 갑질 논란으로 앞서 금융 당국이 카카오페이 등 금융상품 판매와 관련해 우려를 표한 바 있죠.  여기에 정치권이 카카오에 대한 규제 추진을 예고하자 카카오 주가는 22.4%까지 급락했고, 시가총액이 15조 원 넘게 감소했습니다.  앞으로 김 의장의 카카오 지분까지 줄어들면 순위가 5위권 밖으로 밀려날 수도 있습니다.【 질문 4-1 】  네 번째 키워드는 뭔가요?【 기자 】  '두 대통령의 특식'입니다.【 질문 4-2 】  옥중에 있는 두 대통령 이야기죠?【 기자 】  네, 그렇습니다.  이명박, 박근혜 전 대통령은 이번 추석에도 각각 2번째, 5번째로 나 홀로 옥중 명절을 맞고 있는데요.   교정본부가 코로나19 예방을 위해 추석 연휴 모든 교정시설의 접견을 제한했기 때문입니다.  대면 접견뿐만 아니라 전화 접견도 허용하지 않기로 했습니다. 접견은 안 되지만 그래도 명절이다 보니, 두 전직 대통령을 포함한 재소자들에게는 별도의 특식이 제공됐는데요.  이 전 대통령이 있는 안양교도소에서는 점심때 복숭아와 망고주스가 특식으로 나왔고요.  박 전 대통령이 머무는 서울구치소의 특식은 현미모둠강정과 약과 1봉지였다고 합니다.【 질문 5-1 】  마지막 키워드는 뭔가요?【 기자 】  '간 큰 경리사원'입니다.【 질문 5-2 】  돈과 관련이 있을 것 같은데요?【 기자 】  네, 회삿돈을 횡령한 20대 여성 경리사원이 재판에 넘겨졌는데요.  2018년 7월부터 지난 3월까지 중소기업 6곳과 사단법인 1곳을 옮겨 다니면서 범행을 저지른 것으로 드러났습니다.  회삿돈을 아예 현금으로 뽑아 쓰거나 자신의 계좌로 이체하는 등의 방식으로 횡령한 금액만 총 9억 2,000여만 원에 달했습니다.  이 경리사원은 800여만 원을 횡령한 혐의로 불구속 기소되고서도 횡령한 돈으로 다른 회사에서 횡령한 돈을 갚는 범행을 이어갔는데요. 결국, 재판 도중 구속영장이 발부돼 수감된 상태로 재판대에 서게 됐습니다.  재판부는 ""범행의 죄질이 매우 불량하다""며 징역 6년의 실형을 선고했습니다.【 앵커멘트 】  오늘 여기까지 듣겠습니다.  지금까지 권용범 기자였습니다.   영상편집 : 이주호  그래픽 : 박성훈  #MBN #픽뉴스 #러시아 #대학교 #총기난사 #백신 #장례식장 #김범수 #카카오 #이재용 #삼성전자 #이명박 #박근혜 #경리사원 #횡령 #김주하앵커 #권용범기자"
2021.09.21.,`대세는 핀테크` 추석 명절 눈여겨 볼 이벤트는,https://n.news.naver.com/mnews/article/018/0005042206?sid=105,"`송금 봉투`로 인사 전하고, 용돈도 받고“결제금액 최대 100% 돌려줘요” 각종 결제 이벤트도[이데일리 이후섭 기자] 추석 명절 기간 핀테크 업계는 비대면 안부 인사를 전하는 송금 봉투, 송금 수수료 무료 등의 이벤트를 진행한다. 또 `핀트카드`로 결제하거나 `페이코(PAYCO)`로 결제할 경우 결제 금액의 최대 100%를 포인트로 돌려주는 이벤트도 마련돼 눈길을 끈다.`송금 봉투`로 인사 전하고, 용돈도 받고21일 업계에 따르면 카카오페이, 센트비, NHN페이코, 핀트 등이 추석을 맞아 각종 이벤트를 진행하고 있다. 카카오페이는 추석 시즌을 맞아 `행복한가위`와 `한가위용돈` 송금 봉투 2종을 추가했다. 카카오페이의 신규 봉투에는 카카오프렌즈의 `라이언`과 춘식이`가 그려졌으며, 송금 봉투를 받으면 송편과 감이 쏟아지는 효과를 넣어 명절 분위기를 더했다. 이를 기념해 오는 22일까지 최대 200만 카카오페이포인트를 지원하는 `한가위 지원금` 이벤트도 진행한다. 송금 봉투로 10만원 이상 송금 시 선착순으로 `용돈 지원금`을 지급한다. 선착순 200만건에 대해 카카오페이포인트를 50포인트부터 최대 200만포인트까지 랜덤으로 제공하며, 지급이 모두 완료되면 이벤트는 자동 종료된다.센트비는 오는 22일까지 한국에 있는 가족, 지인에게 송금하는 고객들을 위해 `센트비 한가WEEK 프로모션`을 진행한다. 이벤트 기간 동안 인도네시아와 싱가포르에서 한국으로송금하는 모든 고객에게 송금 수수료 전액을 무료로 지원한다. 또 인도네시아, 싱가포르에서 한국으로 건당 100만원 이상 송금하는 고객 가운데 추첨을 통해 총 300만원의 센트비 캐시백 혜택도 제공한다.센트비는 국내 핀테크 업계 최초로 지난해 인도네시아와 싱가포르발 해외 송금 서비스를 출시했다. 해당 국가에서 전 세계 50개 국가로 24시간 실시간 해외 송금이 가능하며, 송금 후 평균 5분 만에 수취할 수 있다.“결제금액 최대 100% 돌려줘요” 각종 결제 이벤트도 인공지능(AI) 간편투자 금융 플랫폼 `핀트(Fint)`를 운영하는 디셈버앤컴퍼니자산운용은 핀트카드 이용 시 결제 금액의 최대 100%를 핀트머니로 돌려주는 `추석 용돈 이벤트`를 마련했다.오는 10월 8일까지 핀트카드를 이용하는 모든 고객을 대상으로 카드 결제 시마다 최소 5%부터 최대 100%에 해당하는 결제 금액을 핀트머니로 즉시 지급한다.핀트카드는 BC카드와 제휴해 지난 7월 선보인 선불형 체크카드로 발급비용과 연회비가 없으며, 수익률과 시장 상황 예측에 따라 결제 금액의 최대 0.7%를 적립할 수 있다. 핀트카드 결제를 통해 쌓인 적립금은 앱 내 `지갑` 카테고리의 `잔돈저금통`에서 확인 가능하다. 적립금은 핀트머니로 전환해 사용하거나 1만원 이상을 모아 실제 핀트 투자금으로 입금·운용할 수 있다. NHN페이코는 애플 앱스토어에서 페이코로 첫 결제 시 최대 3만 포인트를 제공하는 이벤트를 진행한다. 오는 10월 15일까지 애플 앱스토어에서 페이코로 처음 결제하는 이용자를 대상으로 100% 당첨을 보장하는 포인트 선물상자를 제공한다. 선물상자를 받은 선착순 1만명에게는 최소 3000포인트부터 최대 3만포인트까지 랜덤으로 페이코 포인트가 지급된다. 이벤트 당첨 포인트와 더불어 페이코 포인트 결제 시 기본 적용되는 2% 적립 혜택도 그대로 제공된다."
2021.09.21.,"하만 코리아, 기아타이거즈와 공동마케팅",https://n.news.naver.com/mnews/article/014/0004711920?sid=101,"[파이낸셜뉴스] 하만 인터내셔널 코리아는 프로야구 구단 KIA타이거즈와 함께 홈구장인 광주 챔피언스필드 및 SNS 채널을 통해 홈 팬을 대상으로 2021년 프로야구 시즌 하반기 공동 마케팅을 진행한다.   KIA타이거즈의 모기업인 기아자동차와의 인연으로 시작된 하만과 KIA타이거즈의 공동 마케팅은 2015년부터 진행되고 있으며 KIA타이거즈 홈경기 관중에게 하만의 오디오 브랜드를 경험할 수 있는 다양한 브랜드 체험 행사를 선보이고 있다.     올해는 2021년 시즌 하반기 KIA타이거즈 홈구장인 광주 챔피언스필드에서 경기를 관람하는 관중에게 매 경기 추첨을 통해 하만카돈 블루투스 스피커를 경품으로 제공하며 코로나19 펜데믹 상황 속에서 랜선으로 경기를 관람하는 팬들을 위해 '오늘의 라인업 & 승리의 필드 with 하만카돈' 소식을 정기 콘텐츠로 제작, KIA타이거즈의 SNS 채널(인스타그램, 트위터, 카카오 페이지)에서 제공한다.   특히 9월에는 추석 연휴 포함 21일~26일까지 하만카돈 브랜드와 함께하는 랜선 응원 이벤트 '나에게 힘이 되는 노래를 KIA타이거즈 선수들에게 보내주세요'를 진행한다. KIA타이거즈 공식 멤버십 앱에서 선수들에게 응원 노래를 추천하는 팬들에게 추첨을 통해 하만카돈 블루투스 스피커 '사운드스틱 4(SOUNDSTICKS 4)'와 '네오(NEO)'를 경품으로 증정한다. 당첨자 확인은 9월 30일 오후 5시 이후 KIA타이거즈 공식 멤버십 앱에서 가능하다.   하만 인터내셔널 코리아는 기아자동차 국내 판매 모델에는 렉시콘 브랜드 카오디오 시스템과 JBL 브랜드 카오디오 시스템, 해외 판매 모델에는 하만카돈 브랜드 카오디오 시스템을 공급하고 있다. 기아자동차 고성능 프리미엄 세단 스팅어, 최고의 프리미엄 SUV 모하비, 최고급 플래그십 세단 THE K9에는 렉시콘 프리미엄 사운드 시스템 그리고 해외 북미전용 SUV 모델 텔루라이드에는 하만카돈 사운드 시스템을 제공하며 지속적으로 브랜드 콜라보레이션을 진행하고 있다."
2021.09.21.,금융노조 “10월 15일 총파업”… 점심시간 태업하겠다지만 ‘글쎄’,https://n.news.naver.com/mnews/article/023/0003641590?sid=101,"비대면 금융 시대에 지점 파업 효과 의문5년 전 파업 때도 “문제 없었다”금융노조는 9월 16일 연 지부대표자 회의에서 올해 총파업 계획을 확정했다. /금융노조										4.3% 임금 인상률을 요구하고 있는 금융노조가 10월 15일 총파업에 돌입하기로 했다. 총파업 이틀 전인 10월 13일에는 전 조합원이 점심시간을 동시 사용하는 ‘태업’을 하기로 했다. 사실상 점심시간에 은행 점포를 폐쇄하겠다는 것이다. 금융노조는 지난 16일 지부대표자회의를 개최해 ‘2021년 금융노조 임단투 투쟁방향’을 확정했다. 당초 오는 24일부터 중식시간 태업 투쟁을 하기로 했지만 최종 계획은 10월로 늦춰졌다.금융노조 ”23일부터 철야농성”							금융노조는 23일부터 지도부가 철야농성에 돌입하면서 총파업 전운을 확산시키겠다는 계획을 세웠다. 27일 전체 사업장 노사대표 전원이 한 자리에서 교섭하는 공동교섭을 추진한다는 방침이다. 모든 조합원의 ‘점심 시간 동시 사용’ 태업은 10월 13일에 실시하기로 했다. 총파업은 10월 15일 돌입할 예정인데, 재택 파업이나 거점 점거 등 방식이 거론되고 있다.노조 측은 임금 인상률 외에 중식 시간을 동시 사용하게 해달라는 명분도 내세우고 있다. 박홍배 금융노조 위원장은 “중식 시간 동시사용 합의에 진척이 없는 것은 은행 영업점 근무 경험이 없는 일부 사측 관계자들이 금융 소비자를 핑계로 몽니를 부리고 있기 때문”이라고 밝혔다.김형선 기업은행지부 위원장은 “영업점의 금융 노동자들은 노동자의 기본권인 1시간 휴게 시간 보장도 누리지 못하고 있다”면서 “법정으로 보장된 휴게 시간은 사측의 재량권이 아니다”라고 말했다.임금인상률 노조 4.3%, 사측 1.2% 제시							노조가 중식 시간을 내세우고 있지만, 결국 관건은 임금 인상률이다. 지난 7월 협상을 시작한 금융 노사 임금 조정회의에서 노조는 5.8% 임금 인상률을 요구했고, 사측은 0.9%를 제시했다. 지난달 2차 조정회의에서 노측 4.3%, 사측 1.2%를 제시해 간극이 좁혀졌지만 격차는 여전히 크다. 임금 조정위원들이 제시한 조정안은 2.2%였는데 노조가 거부했다.한 시중은행 관계자는 “노조 측은 올해 은행이 사상 최대 실적을 낼 가능성이 크다는 점을 명분으로 내세우고 있지만 영업을 열심히 한 결과가 아니라 정부의 대출 옥죄기의 반사 이익이라는 점은 누구나 알 것”이라고 말했다. 초저금리 상황에서 대출 증가세를 억제하기 위해 은행들이 대출 금리를 올리다 보니, 결과적으로 싼 비용에 돈을 끌어와 비싸게 대출을 내주는 구조가 됐다. 제동을 걸어야 할 금융 당국은 가계 부채 증가세를 막아야 한다는 목적을 달성하기 위해 은행의 이 같은 행태를 문제 삼지 않았다.은행원들의 평균 연봉은 이미 다른 업종보다도 월등히 높은 수준이다. 지난해 은행원 평균 연봉은 1억원을 넘어섰다. KB국민은행 직원의 평균 연봉은 1억400만원, 신한은행은 9600만원이었고 하나은행(9700만원)과 우리은행(9500만원)도 억대 연봉을 목전에 두고 있다. 모든 업종 중 유일하게, 금융업 종사자의 시급은 올해 1분기 5만원을 넘어섰다. 최저 임금(8720원)의 6배 수준이다.주요 금융 앱 월 사용자 5년전 총파업, 은행 잘 돌아가 ‘머쓱’							“점심시간에 셔터를 닫겠다”는 엄포에도 금융권에선 긴장하는 분위기가 감지되지 않고 있다. 비대면 금융 확산하는 가운데 지난해 코로나 사태 이후 은행 창구를 찾는 고객들의 발길은 더 줄어 ‘나홀로 파업’이 될 가능성이 크기 때문이다. 금융노조는 2016년에도 총파업에 나섰지만 참여 인원도 적었고 업무에 아무 지장이 없어 민망한 상황이 연출되기도 했다.지점이 ‘0개’인 카카오뱅크가 시가총액 1위 금융사로 올라선 와중에, 지점 영업을 볼모로 잡은 노조의 파업이 역효과만 불러오리라는 전망도 나온다. 우리금융그룹이 발표한 상반기 실적자료에 따르면, 우리은행에서 올해 상반기 비대면으로 이뤄진 신용대출은 전체 건수의 67%에 달했다. 2019년 29%, 2020년 56%에 이어 올해 그 비중이 더 늘었다. 적립식예금 중 비대면 비중은 2019년 81%, 2020년 85%에 이어 올해 상반기에는 89%로 90%에 육박했다. 펀드 상품 비대면 가입 비중도 2019년 62%에서 올해 상반기 84%로 높아졌다.다른 은행도 마찬가지다. 하나은행의 신용대출 가운데 비대면 비중은 2019년 82%에서 올해 2분기 88%로 꾸준히 늘었다. KB국민은행의 적립식예금 중 비대면 판매 비중도 2019년 40%에서 올해 상반기 54%로 증가했다. 신한은행의 대출 거래 중 비대면 비중은 2019년 45%, 2020년 56%, 올해 상반기 61%로 늘어나고 있다."
2021.09.21.,추석에 현금만?...이제 주식 선물하세요,https://n.news.naver.com/mnews/article/277/0004972121?sid=101,"최근 증권사들이 추석 명절을 맞이해 내놓은 '주식 선물하기' 관련 서비스가 큰 인기를 얻고 있다. 주식 선물은 작년부터 이어진 증시 호황으로 주식투자가 전 국민적인 관심사로 떠오른 만큼 특별함은 물론 쏠쏠한 수익까지 두 마리 토끼를 기대해볼 수 있는 장점을 지닌다.21일 증권업계에 따르면 NH투자증권은 지난 16일부터 모바일트레이딩시스템(MTS)을 통해 상대방의 이름과 휴대폰 번호만으로 고객이 보유한 주식을 선물할 수 있는 '주식 선물하기' 서비스를 선보였다. 최근 MZ세대를 중심으로 주식투자가 문화처럼 인식되면서 친구와 주식에 대한 뉴스와 이야기를 공유하는 게 일상이 됐다. 투자자들은 이 서비스를 통해 투자 경험이 없는 지인에게 주주가 돼 기업을 투자해보는 경험을 공유할 수 있다.토스증권 역시 주식 선물하기 서비스를 제공 중이다. 선물 받는 사람의 계좌 정보를 모르더라도 이름과 전화번호만 알면 간편하게 주식을 선물할 수 있다. 7월 처음 선보인 후 8월 말 기준 이용 건수는 총 4만건에 이른다.선물을 받는 사람이 직접 주식을 살 수 있는 주식 투자 상품권도 꾸준히 인기를 끌고 있다. 한국투자증권은 작년 3월부터 업계 최초로 온라인 쇼핑몰 등을 통해 주식·펀드·발행어음 등 모든 금융투자상품에 투자할 수 있는 금융상품권을 판매하고 있다. 지난달 말까지 누적으로 575만장이 팔렸다. 금액으로는 2690억원 규모다. 방법도 간단하다. 모바일 쿠폰 번호를 증권사 MTS에 입력하면 선물 받은 사람이 받은 금액대에 맞게 원하는 주식을 살 수 있는 방식이다.신한금융투자는 작년 12월부터 카카오톡 선물하기를 통해 해외주식상품권(스탁콘)을 판매하고 있다. 스타벅스 4100원, 디즈니 1만원, 넷플릭스 1만2000원, 애플 2만5000원, 테슬라 3만원, 아마존 5만원 등 액수를 정해 선물할 수 있다. 지난달 말 누적으로 판매량 4만7000건, 판매금액은 7억5500만원을 기록했다. 해외주식 종목을 소수점 자리까지 구매할 수 있는 것이 장점이다. 상품권 금액만큼 언급된 종목이나 투자를 원하는 다른 종목(소수점 가능 종목 내)을 매수할 수 있다.3월 말부터 국내 주식을 살 수 있는 주식 상품권을 판매하고 있는 KB증권도 지난달까지 약 100만건·170억원어치를 판매했다. 2월 출시된 이베스트투자증권의 주식 상품권은 구매 상품권 구입가의 5%를 더해 국내·해외주식 등에 투자할 수 있다. 10만원 이상 구매 시에는 5000원 추가 증정 이벤트를 진행하고 있다."
2021.09.21.,전인구 전인구경제연구소장 | 100억원대 자산가 청년이 말하는 ‘大選 앞두고 주목할 주식’,url없음,<네이버 기사 없음>
2021.09.21.,“만병통치 관장 기구 팔면 고수익” 무등록 다단계 사기 일당 기소,https://n.news.naver.com/mnews/article/056/0011123985?sid=102,"만병통치 효과가 있는 관장기구를 다단계 방식으로 팔면 고수익이 난다고 속여 탈북민과 노인 등에게 수억 원을 뜯어낸 일당이 재판에 넘겨졌습니다.  서울중앙지검 형사4부는 지난 13일 다단계업체 대표 A 씨와 A 씨의 아들 등 4명을 사기와 방문판매 등에 관한 법률 위반 혐의로 불구속 기소했습니다.  A 씨 등은 2017년 10월부터 2019년 3월까지 교회 등에서 판매원들을 모아놓고 관장 기구가 만병통치 효과가 있다고 홍보한 뒤, 제품을 팔면 하위 판매원들의 판매 활동으로 매달 1천만 원의 직급수당을 받을 수 있다고 속여 탈북민과 노인 등 23명에게 계약금 등 명목으로 6억 5,700만 원을 뜯어낸 혐의를 받고 있습니다.  검찰은 A 씨 등이 수사를 회피하기 위해 반복해서 이송 신청을 하는 바람에 수사가 장기화됐지만, 관련 사건기록 여러 건을 종합해 면밀히 비교 분석한 결과 결국 범행이 드러났다고 설명했습니다.■ 제보하기▷ 카카오톡 : 'KBS제보' 검색▷ 전화 : 02-781-1234▷ 이메일 : kbs1234@kbs.co.kr▷ 뉴스홈페이지 : https://goo.gl/4bWbkG"
2021.09.21.,'기업인 때리기' 재연되나… 국감 앞둔 재계 '한숨',https://n.news.naver.com/mnews/article/417/0000736773?sid=101,"국감을 앞두고 기업인 망신주기 국감에 대한 우려가 커진다. / 사진=뉴시스정기 국정감사를 앞두고 재계의 시름이 커진다. 주요 기업인들을 국감 증인으로 소환해 호통국감·망신주기 국감이 반복될 것이란 우려때문이다. 21일 재계에 따르면 국회가 오는 10월1일부터 21일까지 3주에 걸쳐 정기 국감을 실시할 예정인 가운데 주요 상임위는 벌써부터 기업인 줄소환을 예고하고 있다.국회 농림축산식품해양수산위원회는 삼성·현대차·SK·LG 등 4대그룹 대표이사들을 증인으로 부를 예정이다.지난해에는 부사장급 임원들이 출석 요구를 받은 반면 올해는 최고경영자(CEO)를 불러 농어촌상생협력기금 출연실적이 저조한 이유 등을 추궁할 것으로 알려졌다.농해수위는 또한 한성숙 네이버 대표, 여민수 카카오 공동대표를 증인으로 소환해 동물용 의약품 온라인 불법 거래 등을 물을 방침이다.함영준 오뚜기 대표, 신동원 농심 대표, 송자량 삼양사 대표, 구지은 아워홈 대표 등 유통업계 대표들도 불러 농산물 무관세 혜택 기업과 농어촌 상생 방안 등을 점검한다.정무위원회는 김범수 카카오 의장과 강한승 쿠팡 대표, 배보찬 야놀자 대표 등 플랫폼 기업 대표들을 증인으로 소환해 독점과 불공정 문제 등에 대한 책임을 묻기로 했다.아울러 차석용 LG생활건강 부회장, 권남희 머지포인트 대표, 홍원식 남양유업 회장, 박정호 SK텔레콤 대표도 줄줄이 소환할 것으로 전해진다.국감 일정이 다가올 수록 기업인을 증인으로 신청하는 사례는 더욱 늘어날 것으로 예상된다. 국회는 매년 국감에서 기업인들을 줄소환 해 공격적으로 질문을 쏟아내면서 정작 답변하려는 증인들의 말을 자르거나 해명할 기회조차 제대로 주지 않아 ‘호통 국감’, ‘망신주기 국감’ 논란을 되풀이 해왔다.재계 관계자는 “국감은 기업인 감사가 아니라 국정운영 실태 전반을 점검하는 자리”라며 “경영에 집중해야 할 기업인들을 무분별하게 소환해 망신을 주려는 구태를 벗어나야 한다”고 지적했다."
2021.09.21.,"[분석+] 일찌감치 찾아온 배당주 관심...""금융주 잘 살펴라""",url없음,<네이버 기사 없음>
2021.09.21.,"""이번엔 꼭 살 뺀다"" ""늦잠 안잘거야""…목표 달성시 앱이 상금까지 준다",https://n.news.naver.com/mnews/article/008/0004647400?sid=101,"서울 마포구의 한 헬스장에서 시민들이 운동을 하고 있다./사진=뉴스1""추석까지만 마음껏 먹고 살빼야지"" ""연말까지는 꼭 일주일에 1권씩 독서할거야""이번 명절에 세운 계획들은 성공할 수 있을까. 계획을 '작심삼일'에 그치지 않도록 도와주는 애플리케이션들이 주목받고 있다. 목표달성을 위해 지속적으로 피드백하고 성공 시 보상까지 제공하는 습관형성 앱들이다.━""돈이 걸리면 성공률이 높아진다""…강력한 습관형성 앱 챌린저스━화이트큐브가 운영하는 습관형성 앱 '챌린저스'는 '참가비'와 목표성공 시 '환급' 방식을 도입했다. 1만원부터 20만원까지 참가비를 내고 목표에 도전한 뒤 실천할 때마다 인증샷을 찍어 85% 이상 달성하면 참가비를 환급받는 방식이다. 85%를 기준으로 그 이상의 성공률을 보이면 추가적인 상금도 받을 수 있다. 대표적인 목표는 늦잠자지 않기, 걷기, 책읽기, 건강보조식품 챙겨먹기 등이다. 이미 제시된 미션 중 선택할 수도 있고 목표를 직접 만들 수도 있다. '평일에 일찍 일어나기'목표는 올해 1월부터 8월까지 누적 참가금액만 82억원을 기록하는 등 사용자들의 관심이 가장 높은 목표다.화이트큐브 측은 ""돈을 걸면 의지가 달라진다""며 ""무언가를 꾸준히 실천하기 위해서는 의지보다 반드시 해내야만 하는 환경이라는 결론을 얻었고, 스스로 돈을 걸고 실천해 나가는 습관형성 플랫폼 챌린저스를 만들게 됐다""고 말했다.━스마트폰이 시시각각 '코치'…글로벌 MZ 여심 공략한 루티너리━참가비가 부담스럽다면 가볍게 도전할 수 있는 '루티너리'도 습관형성 앱으로 주목받는다. 스마트폰 알람 기능을 활용해 나만의 습관을 만들 수 있도록 돕는 앱이다. 미리 세팅된 습관 리스트를 추가하거나 본인이 계획하는 습관을 직접 등록하면 필요할 때마다 스마트폰 앱이 알람을 보낸다. 타이머 기능까지 있어 앱이 시키는 대로 활동하기만 하면 된다.단순한 원리지만 목표를 위해 올바른 습관을 형성하려는 수요에 직관적인 앱 인터페이스(UI·UX) 등으로 차별점을 뒀다. 한 눈에 사용자의 습관을 분석해주는 기능도 루티너리만의 특징이다. 이같은 특징으로 루티너리는 지난달(8월)에는 중소벤처기업부와 구글플레이의 스타트업 지원사업 '창구 프로그램' 톱5에 선정됐다.밀레니얼(MZ) 세대 중심으로 관심도도 높다. 이달 초에는 출시 1년 6개월만에 전세계 다운로드 80만건을 기록했다. 영어권, 스페인어권 등 해외 사용자 비율도 83%에 달한다. 특히 MZ 여성들의 호응도가 높다. 루티너리 측은 ""가입자의 80%가 10~30대 여성""이라고 밝혔다. ━'동료'가 있어야 목표도 달성…야나두의 유캔두━카카오 계열사 야나두도 목표달성 서비스 '유캔두'를 운영한다. 공부 뿐 아니라 운동, 독서, 취미, 다이어트 등 자기계발과 관련된 전 분야의 목표달성을 지원한다. 유캔두의 특징은 커뮤니티다. 각 목표마다 커뮤니티가 꾸려져 자유롭게 소통하면서 달성 어려움이나 성취감 등을 공유할 수 있다. 성공지원금을 주는 스폰서가 프로모션을 개발하면 달성 시성공지원금도 제공받는다. 상품권, 커피쿠폰 등으로 현금화가 가능해 목표달성을 돕는다. 야나두 측은 ""작은 생활습관에서부터 취미, 자기계발까지 모두 비대면으로 슬기롭고 재미있게 해결하려는 것""이라며 ""보상과 인증, 함께 하는 동료가 있어 목표를 세우고 실천하기에는 유캔두가 최적의 서비스""라고 말했다.[머니투데이 미디어 액셀러레이팅 플랫폼 '유니콘팩토리']"
2021.09.21.,'짝퉁'에서 '갓겜'으로... 1주년 원신이 한국 게임계에 주는 교훈,https://n.news.naver.com/mnews/article/011/0003964535?sid=105,"[서울경제] ‘짝퉁’으로 비하받던 중국 게임 ‘원신’이 출시 1년을 맞는다. 출시 초기 벌어졌던 표절 논란은 높은 완성도에 밀려 사실상 사라졌고, 매출은 글로벌 최상단을 유지 중이다. 최근 위기를 맞고 있는 한국 게임계에서도 ‘원신을 배워야 한다’는 목소리가 심심찮게 나온다.원신 2.1 버전 배너. 원신은 매력적인 캐릭터로 높은 매출을 올리는 데 성공하고 있다. /사진제공=미호요20일 글로벌 시장조사기관 센서타워에 따르면 원신은 지난 1일 실시한 2.1버전 업데이트 후 7일만에 약 1억5100만 달러(약 1,800억 원)의 매출을 올렸다. 이는 하루 평균 260억 원에 달하는 수치다. 국내에서 하루 최대 매출을 기록한 게임은 엔씨소프트(NC)의 리니지M과 카카오게임즈의 오딘 정도로, 두 게임은 가장 주목도가 높은 시점인 출시 직후에 하루 100억 원을 넘어서는 매출을 기록한 바 있다. 원신은 지난해 9월 28일 글로벌 출시한 게임으로, 출시 1주년을 맞아 ‘역대급’ 매출을 기록한 것이다.원신은 제작 초기부터 일본 닌텐도의 ‘젤다의 전설: 브레스 오브 더 와일드(야생의 숨결)’ 표절 논란을 일으켰다. 카툰렌더링(만화처럼 표현한 그래픽)을 적용한 세상을 자유롭게 모험하는 점과, 캐릭터의 움직임 등이 유사한 탓이다. 원신 제작사 미호요는 야생의 숨결이 아트웍과 발상에 끼친 영향을 부정하지 않았다. 도리어 “많은 영향을 받았지만 같은 게임은 아니다”라며 정면돌파에 나섰다. 출시 후 시간이 지나며 미호요의 자신감은 인정 받기 시작했다. ‘외향’은 같더라도 게임의 틀이 다르다는 점을 설득하는 데 성공했다는 평가다. 업계 한 관계자는 “‘제대로 베끼는 것’도 결코 쉬운일이 아닌데, 원신은 ‘짝퉁’이라 비하하기엔 너무나 높은 완성도를 보였다”며 “전투와 조합, 성장방식과 스토리에서 확실한 차별점을 둬 논란을 걷어내는데 성공했다”고 전했다.이를 바탕으로 원신은 출시 이후 꾸준한 흥행을 보이고 있다. 글로벌 출시 2주만에 매출 1억 달러(약 1,200억 원)를 넘어섰고, 3달째에는 17억 달러(약 2조 원)를 넘겼다. 국내 최대 게임사인 넥슨의 지난해 매출이 3조 원임에 미뤄볼 때 그 파괴력을 짐작케 한다.원신은 과도한 과금 요소로 비판받는 국산 게임과는 다른 방식으로 높은 매출을 뽑아내고 있다. ‘뽑기’가 주 수익원인 점은 같다. 최고급인 5성 캐릭터를 얻을 수 있는 확률은 0.6%로 매우 낮다. 그러나 ‘경쟁’을 촉발해 더 많은 뽑기를 유도하는 국산 다중접속역할수행게임(MMORPG)과 달리, 원신은 이렇다할 경쟁 요소가 없다. 경쟁요소가 없다보니, 5성 캐릭터 없이도 게임을 즐기는 데 무리가 없다. 기존 팬층이 없는 신규 지식재산권(IP)이기도 하다. 원신은 경쟁도, IP도 없이 이용자들이 스스로 돈을 써 캐릭터와 무기를 뽑도록 만들고 있다.원신이 만들어낸 매력적인 캐릭터와 세계관이 이를 가능케 한다. 미호요는 이용자들에게 원신의 캐릭터를 자연스럽게 알리고 살아 숨쉬는 듯한 세계를 만들기 위해 노력하고 있다. 신규 캐릭터를 출시할 때마다 게임 스토리에서 자연스럽게 이를 소개하고, 유튜브 등 다양한 채널을 통해 이용자가 새 캐릭터와 친숙해질 수 있도록 노력한다.스토리 중심의 진행 방식도 ‘세계’에 대한 애정을 높인다. 원신은 온라인 게임이지만 싱글플레이 역할수행게임(RPG)처럼 이야기가 중심이다. 이야기와 등장 캐릭터는 성장을 위한 ‘곁가지’로 치부되는 최근 국산 MMORPG와의 결정적인 차별점이다. 업계 한 관계자는 “국내 대표 IP인 ‘리니지’는 매력적인 원작 만화가 있지만, 등장인물인 ‘데포로쥬 왕자’와 ‘반왕 켄 라우헬’의 갈등에 관심을 갖는 이용자는 극히 드물다”며 “원신은 신규 IP임에도 이용자들을 캐릭터와 세계의 ‘팬’으로 만드는 데 성공했다”고 분석했다.원신 초기 캐릭터. 미호요는 꾸준한 캐릭터 추가로 높은 매출을 거두고 있다. /사진제공=미호요미호요의 운영과 꾸준한 콘텐츠 업데이트 또한 국산 게임과의 차별점이다. 미호요는 원신 출시와 함께 6주에 한 번씩 신규 콘텐츠를 선보이겠다고 밝혔다. 이후 1주년을 눈 앞에 둔 현재까지 단 한번도 업데이트 일정을 미루지 않았다. 촉박한 일정에도 중대한 버그가 발생하는 일은 없었다. 원신이 PC·모바일·콘솔 3가지 기종으로 크로스 플레이가 가능한 게임이라는 점을 떠올리면 미호요의 칼 같은 업데이트에 대한 평가는 더욱 높아진다. 업계 한 관계자는 “글로벌 서비스 중인 게임이 모든 언어에 현지화를 마치고, 3개 플랫폼에 동일한 업데이트를 문제 없이 1년간, 미리 예고한 시점에 적용했다”며 “온라인 게임에서 갈수록 중요해지고 있는 ‘운영’ 관점에서도 글로벌 최고 수준이라는 증거”라고 했다.원신의 성공 방식은 한국 게임계에도 경고음을 울린다. 한국 게임업계는 연초 확률조작논란, 운영 미숙으로 인한 불매운동을 겪었다. 최근에는 타 IP에 기존 과금체계를 무리하게 적용해 실패하기도 했다. 업계 한 관계자는 “같은 ‘뽑기’형 수익구조라도 이용자들을 어떻게 납득시키느냐에 따라 반응과 성과가 갈린다는 예”라며 “어떻게 돈을 버느냐 이전에, 얼마나 매력적인 세계를 만들 것인가를 고민해야 한다”고 강조했다."
2021.09.21.,한가위 맞아 게임업계가 준비한 다양한 이벤트는…,url없음,<네이버 기사 없음>
2021.09.21.,[한가위ㅋ⑤] 스타들이 직접 보낸 추석 인사와 한복 사진 모음.Zip,url없음,<네이버 기사 없음>
2021.09.21.,"코로나 백신 미접종자, 다음달도 사전예약 가능할까",https://n.news.naver.com/mnews/article/008/0004647348?sid=101,"[정부 ""기존 예약자 접종 우선…현재까진 계획없어""-이달 30일까지 예약](청주=뉴스1) 장수영 기자 = 17일 충북 청주시 흥덕구 하나병원에서 의료진이 코로나19 백신 접종을 하고 있다. /사진=뉴스1  추석 연휴 급증한 확진자에 코로나19(COVID-19) 백신 접종완료에 대한 필요성이 커지고 있다. 정부의 추석 전 1차 목표였던 '1차 접종률 70%' 달성에 이어 10월말 접종완료율 80% 달성을 위해선 아직 접종에 참여하지 않은 인원들의 예약이 중요한 만큼 '미접종자 사전예약'에 대한 관심도 커진 상태다. 21일 중앙방역대책본부(방대본)에 따르면 방역당국은 이달 30일까지 코로나 백신 사전예약에 참여하지 않은 인원들에 대한 미접종자 사전예약을 이어간다. 정부가 추산한 대상 인원은 약 500만명이다. 미접종자 사전예약은 18일 오후 8시부터 18세 이상 전체를 대상으로 시작됐다. 18~49세 연령층에 대한 1차 접종이 종료되는 시기에 맞춰 불신에 기인한 접종 기피 또는 예약시기를 놓친 인원의 새로운 접종 예약을 받는다는 계획이다. 1차 접종 시에도 초기 접종 의사가 없었지만 잔여백신을 통해 꾸준히 접종률을 끌어올린 만큼, 전면적 기회 부여를 통해 참여율을 높인다는 방침이다. 다만 해당 인원들이 예약에 참여하지 않을 경우, 다음달 추가 예약이 가능할 지는 미지수다. 정부가 기존 예약자들의 접종을 우선 순위를 부여해 현재까지는 재예약 계획을 보유하고 있지 않은 탓이다. 홍정익 코로나19 예방접종대응추진단 예방접종관리팀장은 ""현재 계획으로는 30일까지 사전예약을 종료하고 10월에 다시 예약을 열 계획을 가지고 있지 않다""라며 ""10월1일부터는 9월까지 예약하신 분들이 접종을 시작한 후에 전체적인 접종 상황과 필요성을 검토해서 필요하다면 고려하겠다""라고 말했다.방역당국은 이달 미접종자 사전예약률을 끌어올리기 위해 인센티브, 감염 예방 효과 등 홍보를 통한 동기부여에 나선다는 방침이다. 접종이 실제 생활 속 불편함을 해소한다는 점을 체감하도록 접종완료자에 대한 인센티브를 지속적으로 확대한다는 계획이다. 이미 예약을 했더라도 SNS 당일신속 예약서비스(카카오, 네이버) 등을 통해 잔여백신을 활용한 접종을 신청하면 더 빨리 접종받을 수 있다.미접종자들의 사전예약 참여는 10월말 80% 접종완료율 달성에 필수 요소로 작용할 전망이다. 이날 기준 청장년층(18~49세)의 사전 예약률이 72.3%(1350만명 중 975만명) 수준인 만큼, 500만명에 달하는 미접종자의 유입 여부가 접종완료율을 끌어올리는 데 적지 않은 기여를 할 가능성이 크기 때문이다. 20일 0시 기준 국내 접종완료율은 43.2%다. 한편, 추석 연휴가 본격화 된 지난 주말엔 이틀 간 총 3515명의 신규 확진자가 발생했다. 역대 주말 기준 사상 최대치다. 개학과 등교 확대, 연휴 준비 등이 맞물린 데 따른 것으로 풀이된다. 특히 아직 연휴 기간이 남아있는 만큼 추가 확산에 대한 우려도 존재한다. 정부는 연휴 기간 접촉 및 이동량 증가가 불가피 한 만큼, '폭발'이 아닌 '점진'적 증가세에 무게를 두고 의료 부담 최소화에 무게를 둔다는 방침이다."
2021.09.21.,추석 이후 주목해야 할 공모주는 어디… 시몬느·케이카 '눈길',https://n.news.naver.com/mnews/article/417/0000736805?sid=101,"민족 최대 명절인 추석을 앞두고 IPO(기업공개) 시장이 그 어느때보다 분주한 모습이다./사진=이미지투데이민족 최대 명절인 추석을 앞두고 IPO(기업공개) 시장이 그 어느때보다 분주한 모습이다.21일 금융투자업계에 따르면 지난 13일부터 내달 13일까지 한달 동안 공모청약을 앞두고 있는 기업은 총 19개사다. 이중 스팩을 제외하면 15개 기업이 일반청약을 진행할 예정이다.연휴 기간동안에는 공모주 투자자들의 청약 열기가 상대적으로 적기 때문에 기업들도 명절을 피해 IPO 절차를 진행하는 것이 일반적이다. 하지만 올해는 공모주 시장이 역대급 호황을 맞이하면서 연휴 전후로도 상장 일정이 줄줄이 예정된 것으로 풀이된다.대부분의 기업이 코스닥 시장에 상장을 준비하는 가운데 시몬느액세서리컬렉션, 케이카, 카카오페이 3개 기업은 코스피 상장에 도전한다. 다만 카카오페이의 경우 상장 전 악재로 인해 최종 상장 목표 시기가 불투명해진 상황이다.앞서 카카오페이는 지난 7월2일 증권신고서를 제출했지만 금융감독원의 정정요구로 상장이 한차례 연기된 바 있다. 이후 8월31일 정정 신고서를 제출하고 10월14일을 유가증권시장 입성을 목표로했지만 정부의 '핀테크 규제'라는 대형 암초를 만나 다시 한번 상장 일정 연기 가능성이 높아졌다.카카오페이는 당초 이달 29~30일로 예정된 기관 대상 수요예측을 미루는 방향으로 상장 일정을 정리한 것으로 알려졌다.이외에도 케이카, 시몬느액세서리컬렉션이 추석 이후 수요예측을 진행하고 10월 중 상장할 예정이다. 핸드백 ODM(제조자개발생산) 기업인 시몬느액세서리컬렉션의 주당 공모주 희망 범위는 3만9200~4만7900원으로 상장 이후 예상 시가총액은 최대 1조6036억원에 달할 전망이다. 국내 1위 중고차 플랫폼 기업인 케이카의 공모주 희망 범위는 3만4300원~4만3200원으로 예상 시가총액은 1조6494억원~2조773억원이다.박종선 유진투자증권 연구원은 ""하반기에도 대어급 기업들이 지속적으로 상장을 준비하고 있어 연말까지 IPO 시장은 호황을 유지할 것""이라며 ""올해 연간 기준으로도 역대 최고 수준을 이미 달성했고 점차 공모금액 및 시가총액이 증가될 것""이라고 설명했다."
2021.09.21.,자연과 문화생활로 힐링 '신화빌라스' 분양중,url없음,<네이버 기사 없음>
2021.09.21.,"국내 모바일 인기작, 해외 겨냥...세나2·리니지2M·오딘",https://n.news.naver.com/mnews/article/092/0002234173?sid=105,"국내 이어 해외 흥행 소식 들릴지 주목토종 모바일 인기작이 추석 연휴 이후 해외 진출 준비에 더 박차를 가할 것으로 보여 귀추가 주목되고 있다.21일 게임 업계에 따르면 주요 게임사들의 인기작들이 해외 진출을 앞두고 담금질 작업이 한창이다.넷마블의 '세븐나이츠2'는 해외 170여개 지역, 엔씨소프트의 '리니지2M'은 러시아와 북미 유럽에 진출할 예정이다. 약 3개월째 넘도록 구글 매출 1위를 기록 중인 카카오게임즈의 '오딘'은 내년 상반기 해외로 서비스 지역 확대에 나선다.세븐나이츠2.'세븐나이츠2'는 지난해 11월 국내에 선출시 된 작품으로, 넷마블 대표 IP(지식재산권) '세븐나이츠'의 세계관을 이어받은 게 특징이다.이 게임은 연내 170여개 지역 구글플레이·애플앱스토어에 상륙한다. 12개국 언어와 영어, 일본어 버전의 캐릭터 음성을 지원한다고 회사 측은 설명했다.넷마블 측은 '세븐나이츠2'의 해외 흥행을 위해 다양한 노력을 시도하고 있다. 주요 게임 캐릭터 '세인'의 스토리를 그린 웹툰 '다크서번트'를 ▲북미 ▲일본 ▲대만 ▲태국의 페이스북과 트위터에 선보이고 있는 게 대표적이다.리니지2M 러시아 티저 페이지 오픈.엔씨소프트의 '리니지2M'은 러시아 지역 출시를 앞두고 있다. 대만 일본에 이은 서비스 추가 해외 진출이다.엔씨소프트는 약 열흘 전 '리니지2M'의 러시아 티저 페이지를 열었다. 해당 페이지는 공식 시네마틱 트레일러와 OST 등으로 꾸몄다.러시아 이용자는 엔씨소프트의 크로스 플레이(Cross Play) 서비스 플랫폼 '퍼플'을 통해 모바일과 PC로 '리니지2M'을 즐길 수 있다.이 회사는 연내 러시아 뿐 아니라 북미 유럽 등에도 '리니지2M'을 선보인다는 계획을 밝히기도 했다.오딘 대표 이미지.카카오게임즈는 '오딘'의 해외 진출 계획을 일찌감치 공개했다. 계획에 따르면 '오딘'은 내년 상반기 해외 서비스를 개시한다.'오딘'은 지난 6월말에 출시돼 약 3달째 구글 매출 1위를 유지하고 있는 인기작이다. 이 게임은 기존 모바일 리니지 형제인 '리니지M'과 '리니지2M' 뿐 아니라 '제2의나라' '블레이드앤소울2' 등 신작과 경쟁해 안정적인 인기를 이어가고 있다는 평가다.'오딘'의 해외 진출에 대한 시장의 기대는 큰 상황이다. 게임 세계관이 북유럽 신화를 기반으로 했기 때문이다.또한 이 게임은 국내 서비스를 통해 콘텐츠 완성도를 높인 만큼 해외에서도 추가 성과를 낼 수 있을지 기대를 모으고 있다.이와 함께 펄어비스는 '검은사막모바일'을 중국에 선보일 예정이다. 이 게임의 중국 서비스는 아이드림스카이와 텐센트가 공동으로 맡을 예정이다.'검은사막모바일'은 중국 판호(서비스 허가권)을 받은 몇 안돼는 토종 게임이다. 이 게임이 복잡한 중국 현지 문제를 잘 극복해 중국 흥행작에 이름을 올릴 수 있을지가 관전 포인트다.업계 한 관계자는 ""국내 인기작들의 해외 진출 소식이 꾸준하다. 추석 연후가 지나면 기존 인기작의 해외 진출 준비에 더 속도가 붙을 것으로 보인다""며 ""중국의 경우 여러 복잡한 정치 상황에 진출이 어려운 만큼 동남아시아와 북미 유럽 출시 소식은 계속 들릴 것""이라고 말했다."
2021.09.21.,"증권株, 대어급 IPO에 하반기도 양호… 배당주로도 주목",url없음,<네이버 기사 없음>
2021.09.21.,"증권플러스, 빅테크 규제 쇼크 주가 향방은?",url없음,<네이버 기사 없음>
2021.09.21.,[르포] 추석 명절 특수 노린다... 이통사 불법보조금 기승,url없음,<네이버 기사 없음>
2021.09.21.,"'역대급 실적' 시중은행, '비대면시대' 인력감축에 고민↑",url없음,<네이버 기사 없음>
2021.09.21.,"[민지리뷰] ""입사를 축하드립니다. 근무지는 10초 거리인 개더타운입니다""",https://n.news.naver.com/mnews/article/025/0003136438?sid=103,"가상 회의 플랫폼개더타운  현대차의 신차 품평회, 글로벌 화장품 회사의 인재 채용, 하나금융지주의 재테크 강의. 이 모든 것이 가상의 공간, 메타버스에서 일어나고 있다. 더 재미있는, 더 나은 디지털 세상 속 만남을 위한 움직임이 일고 있는 것. 그 중심에 있는 것은 ‘개더타운’이다. 부동산 중개 스타트업 직방은 올해 초 오프라인 사무실을 닫고 아예 이곳으로 회사를 옮기기도 했다. 금융회사들은 앞다퉈 개더타운에서 MZ세대를 위한 재테크 강좌를 연다. 디지털 시대의 재미있는 회의 환경을 만들고 있는 개더타운을 들여다봤다     내 공간을 꾸미고 친구와 모임을 갖거나 동료와 업무 회의를 한다. 이 모든 것이 이젠 가상의 공간 개더타운에서 이루어지고 있다. [사진 김종훈, 개더타운 캡처]      Q : 개더타운, 요즘 진짜 핫하죠. 아직 모르는 사람을 위해 간단한 소개 부탁해요.   한 마디로 설명하면 메타버스 화상회의 플랫폼이에요. 코로나 19가 오래 지속되면서 비대면 회의가 중요해졌고, 이에 온라인 화상 회의를 할 수 있는 서비스 ‘줌’이 급격히 성장했죠. 이후 화상 회의뿐 아니라 오프라인 공간을 온라인으로 재현한 메타버스 회의 서비스가 등장했는데, 이것이 바로 개더타운이랍니다. 가상 세계 안에 회의 공간을 만들 수 있고, 사용자는 아바타가 되어 공간을 자유롭게 넘나들며 주변에 있는 다른 아바타(사용자)와 회의를 진행할 수 있어요. 지난해 5월 미국 샌프란시스코를 근거지로 한 스타트업(개더타운)이 만들었는데요, 출시 후 1년 만에 400만명이 넘는 사용자를  보유하고 있죠. 국내 많은 오프라인 커뮤니티와 기업들에 높은 관심을 가지고 있답니다.      Q : 여기에 꽂힌 이유는요.   화상 회의의 목적은 오프라인이 불가능한 상황에 온라인상에서 서로의 모습을 보며 실시간으로 대화를 나누는 것으로 생각했어요. 개더타운의 귀여운 아바타로 흥미를 가지긴 했지만, ‘회의’의 목적을 생각하면 줌이나 구글미트에 비해 큰 강점을 느끼지 못했었죠. 개더타운에 관심을 가지게 된 건 사이드 프로젝트 동아리의 운영진을 맡으면서였어요. 70명이 넘는 멤버들이 조금 더 재미있는 공간에서 친화적인 분위기로 프로젝트를 진행하길 원했거든요. 홈페이지부터 이젠 ‘고전’이 된 넥슨의 게임 ‘바람의 나라'를 떠올리게 하는 픽셀 그래픽부터 마음에 들더라고요. 그리고 실제로 사용하면서 서비스 진가를 알게 됐죠.     아바타와 캠을 사용한 화상회의가 한창 진행 중이다. [사진 김종훈, 개더타운 캡처]      Q : 사용 후 평가가 달라진 거네요. 어떤 점이 좋았나요.   화상회의 플랫폼으로 가장 유명한 줌과 비교할 수 있을 것 같은데요. 줌은 오프라인 미팅을 온라인으로 가능하게 하는 훌륭한 서비스예요. 특히 재택근무가 일상화되면서 여러 기업에서 유용하게 사용하고 있어요. 하지만 화상회의는 여러 명의 얼굴과 내 얼굴을 계속해서 바라보는 데서 오는 피로감이 있죠. 실제로 마이크로소프트는 올해 스탠퍼드대학과의 협업 연구를 통해 화상회의에 대한 피로도를 입증한 리포트를 발간했어요. 아예 이를 하나의 병적 증상으로 이야기하는 ‘줌 피로’(Zoom fatigue)라는 신조어도 생겨났고, 뉴욕타임스를 포함한 언론 매체에선 앞다퉈 이를 다루는 기사를 쏟아내고 있죠.       개더타운은 화상회의에서 느끼는 피로를 줄여줍니다. 아바타를 내세워 재미를 주는 것과 동시에 진짜 ‘나'를 보여줘야 한다는 부담감이 줄어들어요. 줌을 사용할 때 카메라를 켜지 않는 것은 격식을 갖춰야 하는 미팅에선 예절에 어긋나는 행동이라고 생각해요. 특히 처음 대면하는 상대와의 미팅이나 업무 회의처럼 오프라인을 대체하는 자리에선 서로의 모습을 보여줘야 해요. 하지만 개더타운에선 아바타가 있어 ‘카메라를 켜야 한다’는 압박에서 한층 자유로워질 수 있습니다.     아바타는 머리부터 발끝까지 내가 원하는 스타일로 커스텀이 가능하다. [사진 김종훈, 개더타운 캡처]      Q : 개더타운이 지닌 가치는 무엇이라고 생각해요.   ‘화상 회의'만을 위한 서비스가 아니라는 점이에요. 오프라인 공간을 대체할 수 있는 서비스여서 코로나로 사람들과 접촉할 수 없는 갈증을 해소해줘요. 그리고 게임 같은 디자인 컨셉으로 분위기 자체를 즐겁게 해주는 점이 가장 큰 가치라고 생각해요. 저는 종종 어디서든 조직을 리드하는 포지션을 맡게 되는데 회의를 할 때 ‘회의는 간결하고 짧게'라는 철칙을 지키려고 해요. 하지만 이러한 철칙과 유머러스하지 못한 성격 탓에 회의가 굉장히 딱딱해지곤 하는데 개더타운에서 회의하면 즐거운 분위기 속에서 의견을 주고받을 수 있게 되더라고요.      Q : 여러 장점이 있는 것 같네요. 눈여겨 봐야 할 점을 알려줄래요.   다음의 3가지로 요약할 수 있어요.      ■ 공간별로 범위 내의 사용자와 이야기가 가능함    ■ 다양한 인테리어 요소와 게임 기능    ■ 귀여운 아바타와 내가 꾸밀 수 있는 공간 그리고 다양한 리액션 기능    재택근무를 하게 되면 업무 능률이 떨어져 오히려 출근하고 싶다는 의견이 많아요. 개더타운에선 내 모습을 실제로 보여주거나 다른 사람의 모습이 보이진 않지만, 아바타를 통해 오프라인에서 함께 있는 소속감을 그대로 경험하게 해준다는 점이 가장 큰 장점이라고 생각해요.    개더 타운은 ‘온라인의 오프라인화'를 만든 가상 공간이에요. 현실 세계에선 멀리 있는 동료에게 전달할 이야기가 있으면 동료가 있는 곳까지 걸어가는 것이 당연하잖아요. 개더타운은 이런 행위를 온라인에 그대로 적용했어요. 이야기 나누고 싶은 사용자에게 아바타가 다가가면 캠과 음성 기능이 활성화돼요. 현실에서 누군가에게 다가가면 그 모습과 목소리가 들리는 것처럼요. 또 설정에 따라 원하는 범위에 있는 사용자와 캠, 음성 기능을 활성화 시킬 수도 있어요. 또 범위에 있지 않은 사용자에게도 모든 공간에 있는 사람들에게 캠과 음성 기능을 활성화할 수 있는 스포트라이트 존이 있어요. 이 기능은 주로 개더타운 내 콘퍼런스나 세미나를 주최하는 공간을 만들고 활용할 수 있어요.Q : 개더타운으로 생활이 달라졌다고요.   이젠 집에서 혼자 공부를 할 때도 개더타운에 접속해요. 친구 중에 ‘개더 유령'이라는 별명을 가진 친구가 있어요. 워낙 다른 사람과 친해지는 걸 좋아해서 집에 있을 때 항상 개더타운에 접속해 들어오는 멤버들과 이야기를 나누더라고요. 오프라인을 대체해 단 5초면 접속할 수 있는 가상 공간이라는 점에서 코로나가 끝나도 개더 타운은 지속적인 서비스로 성장할 것으로 예상해요.    Q : 다시 기본으로 돌아가서, 회의 서비스가 가져야 할 핵심 기능은 무엇이라고 생각해요.   오프라인 미팅의 대체 도구라는 점에서 사용성과 확장성이 중요하다고 봐요. 기존 화상회의 서비스를 사용하기 위해서는 유선 전화나 메일로 회의 일정을 잡고 회의 일정에 맞춰 링크를 생성해 공유하는 반면, 개더타운은 온라인 공간을 만들어두기만 하면 온라인 공간에서 각자의 업무를 진행하다 캐릭터로 회의실에 이동하면 곧바로 회의가 진행될 수 있기 때문이에요. 줌과 구글미트처럼 특정 시간에 링크를 생성하고 공유하는 역할이 필요 없는 거죠.     개더타운의 승승장구로 이와 유사하게 아바타와 공간을 활용하는 화상 회의 서비스가 느는 추세예요. 실제로 올해 2월 부동산 중개 서비스 ‘직방'은 오프라인 근무를 전면 폐지하고 개더타운을 사용한 원격 근무 체제를 도입했죠. 최근엔 롯데 건설과 함께 개발한 메타버스 플랫폼 ‘메타폴리스'를 출시해 개더타운 대신 이를 사용하고 있어요.    Q : 직방은 왜 개더타운을 선택했고, 심지어 비슷한 서비스를 굳이 개발했을까요.   직방은 전 직원이 온라인에서 네트워킹되는 환경을 가장 중요하게 생각했기 때문이에요. 가상 공간에서도 오프라인 사무실과 똑같은 공간을 구현하기 위한 고민을 시작해 직원들이 기존에 지닌 소속감, 유대감을 확장하는데 중점을 뒀죠. 오프라인의 경험을 온라인으로 확장시킬 수 있는 확장성이 줌이 아닌 개더타운을 선택하게 된 가장 큰 요인이라고 생각해요.     직방과 롯데건설이 자체 개발한 메타버스 플랫폼 메타폴리스. [사진 김종훈, 개더타운 캡처]      Q : 이 서비스를 만든 메이커를 칭찬하고 싶은 점이 있다고요.   컨셉을 정말 기가 막히게 만들었어요. 2등신의 픽셀 아바타는 고전 게임을 연상케 해요. 개더타운 개발자들은 사용자가 일을 위해 사용한다는 것을 알고 있을 것이고 일은 재미없다는 대부분 직장인의 마음을 이해한다고 생각해요. 제페토처럼 아바타를 직접 꾸미지 않고 마인크래프트처럼 너무 과하지 않은 세계관 안에서 개더타운의 픽셀 아바타는 최고의 컨셉이라고 생각해요.    Q : 비용은 얼마나 드나요   개더타운은 25명까지 무료로 사용할 수 있어요. 25명 이후부터 500명까지 사용 가능한 총 네 개의 요금제가 있는데 유료 요금제로 2시간에 사용자당 2$, 하루는 사용자당 3$, 한 달은 사용자당 7$로 책정되어 있어요. 줌은 40분 동안 무료로 사용할 수 있고 팀 규모에 따라 100명은 149$, 300명은 199$, 500명은 240$로 연간 요금제로 책정되어 있어요. 사용 규모와 기간에 따라 가격 차이가 있지만, 개더타운은 온라인에서 오프라인 공간을 체험하며 온라인 화상 회의뿐 아니라 실제 업무 환경을 체험한다는 점에서 충분히 납득 가능한 가격이라고 생각해요.       네 가지 요금제. 25명까지는 무료로 사용할 수 있다. [사진 김종훈, 개더타운 캡처]     Q : 이 서비스를 매우 마음에 들어 하는 것 같네요. 점수를 매겨 본다면요.   만족도는 10점 만점에 9점이에요. 개더타운은 말 그대로 디지털 도시(Town)예요. 창업자인 필립 웡이 개더타운 전에 정했던 이름이 바로 ‘온라인 타운’이었답니다. 아기자기한 아바타와 꾸미는 대로 원하는 공간이 돼 목적이 일이든 회의이든 사용하는 재미를 느끼게 해줘요. 개더 타운은 별도의 파일을 다운받지 않고 웹 브라우저로 접속할 수 있어요. 접속 후 제일 처음에 하는 일이 캐릭터를 만드는 것인데 헤어 스타일, 피부 색깔, 옷 등으로 100여 개가 넘는 조합의 아바타를 만들 수 있어요. 아바타는 키보드 방향키를 조작해 공간을 돌아다닐 수 있는데 일정 범위 안에 다른 아바타가 있으면 서로의 캠과 음성을 공유할 수 있어요. 또한 회의 때 유용하게 사용할 수 있는 화이트보드와 포커 게임 등의 기능을 제공하죠. 어느 하나 버릴 기능이 없는 완벽한 세계관이라는 생각이 들어요.     그런데도 1점을 뺀 이유는 아직 모바일 대응이 어렵기 때문이에요. 현재 PC를 제외한 모바일, 아이패드 등과 같은 디바이스에는 베타 버전으로 운영해, 캠을 사용할 수 없고 여러 가지 풀어야 할 오류들이 남아있어요. 하지만 모바일로 회의하는 일은 이동 중이거나 PC를 사용할 수 없는 경우라고 생각하면, 모바일 버전에선 카메라가 필요 없을 거라는 생각도 듭니다. 모든 디바이스에서 원활하게 사용할 수 있다면 만점짜리 서비스라고 자신해요.     개더타운은 아직 웹 환경에서만 전체 서비스를 이용할 수 있다. 모바일에선 베타버전이 운영되고 있는데, 접속하면 왼쪽 이미지처럼 '모바일에서 정상 작동되지 않는다'는 안내가 뜬다. 오른쪽 이미지는 모바일 개더타운 이미지다. [사진 김종훈, 개더타운 캡처]      Q : 만약 직접 만든다면, 개선하고 싶은 부분이 있나요.   원하는 장소에 순간 이동 할 수 있는 기능이 있으면 좋겠어요. 지금은 사용자가 직접 방향키를 움직여야 아바타를 이동시킬 수 있어요. 덕분에 게임 같은 재미를 제공하지만, 가끔 공간이 복잡할 때 장소를 찾기 어려운 단점이 있죠. 화면 왼쪽의 사용자 목록에서 다른 사용자의 캐릭터를 클릭해 상대방이 있는 장소로 따라가는 기능이 있지만 이것만으론 부족해요.       또 개인적으로 개더타운의 경쟁사는 ‘슬랙'과 ‘노션'이라고 생각해요. 개더 타운 안에서 슬랙과 노션처럼 협업 도구를 활용할 수 있다면 대체 불가능한 서비스가 되지 않을까요.    Q : 개터타운을 더 잘 쓸 수 있는 나만의 방법이 있나요.   내 공간에 공을 들이면 더 재미있게 즐길 수 있어요. 벽을 세워 미로를 만들거나 연회장 같은 느낌의 인테리어를 할 수도 있죠. 제 경우 사이드 프로젝트를 진행할 때 총 9개의 팀이 있었는데, 각 팀을 구분하는 공간으로 구성하는 것이 아니라 저마다 팀의 공간을 예쁘게 꾸며 서로의 공간을 구경하고 칭찬했어요. 온라인으로 친목 도모가 어려운 상황에서도 자연스러운 접촉이 가능했죠. 또 개더타운으로 원격 근무를 한다면, 실제 회사에서는 정해진 평수의 공간을 지정받지만 여기서는 가상의 내 공간을 얼마든지 자유롭게 만들 수 있다는 것도 매력적이죠.     사이드 프로젝트를 진행할 때 만들었던 개더타운의 조별 공간들. 다른 참가자의 공간을 구경하고 이야기를 나누며 친밀도가 높아졌다. [사진 김종훈, 개더타운 캡처]     Q : 어떤 사람이 쓰면 좋을까요.   화상회의를 위한 서비스가 아닌 온라인 공간을 만들고 싶은 사람에게 추천해요. 지금까지 온라인 공간은 카카오톡 단톡방, 카페 등이 전부였지만 이제는 개더 타운이 온라인 모임을 오프라인 못지않게 활성화 시킬 것이라고 생각해요. 만약 인테리어를 공부하는 동아리가 있다면 자신만의 공간을 얼마나 멋지게 꾸밀지 궁금해지네요.          민지리뷰는... 자신의 가치관과 세계관이 소비로 표현되는 시대. 소비 주체로 부상한 MZ세대 기획자·마케터·작가 등이 '민지크루'가 되어 직접 자신이 좋아하는 물건·공간·서비스 등을 리뷰합니다."
2021.09.21.,AI·VR 등 IT 기술로 바뀐 유통가 추석 新풍속도,url없음,<네이버 기사 없음>
2021.09.21.,코로나 이후 두번째 추석…명절 풍경 확 달라졌다,url없음,<네이버 기사 없음>
2021.09.21.,"""2025년 구독경제 시장 1조5000억달러""…구독경제 테마 뜬다",https://n.news.naver.com/mnews/article/015/0004606848?sid=101,"20대 후반 직장인 A씨는 아침마다 ‘로켓배송’ 서비스로 식재료와 생필품을 받는다. 회사에서 업무를 할 때는 마이크로소프트의 오피스 제품인 ‘마이크로소프트365’를 사용한다. 퇴근 후에는 넷플릭스와 웨이브 등을 시청하며 시간을 보낸다.구독료를 지불하고 일정 기간 서비스를 이용하는 구독경제가 일상화된 시대다. 기업들은 각종 구독형 상품과 서비스를 내놓으며 사업 모델을 다각화하고 있다. 구독경제를 통해 실적과 주가 모두 ‘레벨업’하는 기업도 등장했다.구독경제를 테마로 한 상장지수펀드(ETF)가 출시를 앞두는 등 관련 시장이 확대되고 있다. 전문가들은 구독경제 성장의 수혜를 받을 것으로 예상되는 종목과 투자 상품을 눈여겨볼 만하다고 조언했다.  ○일상 전반을 지배하는 구독경제국내 구독경제 시장 규모구독경제는 일정 기간마다 비용을 내고 원하는 물건이나 서비스를 이용하는 경제활동을 의미한다. 수십 년 전 우유와 신문을 구독하던 시대부터 존재했던 오래된 개념이다.하지만 최근 대두된 구독경제는 일상 전반을 지배한다는 점에서 차이가 있다. 정보기술(IT)의 발전, 배송 시스템의 고도화, 결제방식의 혁신 등에 힘입어 한층 더 진화하고 있다. 코로나19로 비대면 거래와 서비스가 확대되며 구독경제는 거스를 수 없는 추세가 됐다.구독경제가 성장하는 이유는 소비자와 기업 모두에게 이롭기 때문이다. 소비자는 한 번에 큰 목돈이 필요하지 않고 일정 기간마다 비용을 나눠 낼 수 있어 부담이 적다. 항상 최신 버전의 상품을 사용할 수 있다는 점도 장점이다. 기업은 구독경제를 통해 충성도 높은 고객을 확보하고 안정적인 매출 창출이 가능하다.업계에서는 구독경제 시장의 성장이 본격화할 것이라는 전망이 나온다. 국내 구독경제 시장은 지난해 40조원 수준이었으나 2025년 100조원까지 성장할 것으로 예상된다. 글로벌 투자은행 UBS는 지난해 6500억원 규모의 세계 구독경제 시장이 2025년 1조5000억달러까지 커질 것으로 전망했다. UBS는 “구독경제 시장은 연 평균 18% 성장하며 가장 높은 성장률을 기록하는 산업이 될 것”이라고 말했다.MAGA(마이크로소프트·애플·구글·아마존), 넷플릭스 등 미국의 빅테크(대형 IT기업)는 모두 구독경제에 뛰어들고 있다. 구독경제는 성장 정체에 빠졌던 빅테크가 체질 개선에 성공할 수 있었던 비결로 꼽힌다. 구독경제를 새로운 사업 모델로 도입한 기업들의 실적과 주가를 주목해야 하는 이유다.대표적인 사례가 미국의 소프트웨어 업체인 어도비다. 어도비는 2008년 금융위기 이후 소프트웨어 라이센스 판매 수가 연간 약 300만개로 정체하는 등 부진의 늪에서 헤어나오지 못했다. 2012년 어도비는 사업 모델을 기존 소프트웨어 판매 방식에서 클라우스 서비스 형태의 구독 모델로 전환했다. 새로운 성장 동력을 얻은 어도비는 승승장구했다. 10년 만에 어도비 주가는 20배 가까이 뛰었다.급증하는 어도비 매출네이버·카카오·현대차·통신3사 등 국내 주요 기업들도 구독경제를 신사업에 끌어들이고 있다. SK텔레콤은 지난달 31일 ‘T 우주’라는 구독형 서비스를 출시했다. SK텔레콤은 2025년까지 가입자 수 3600만명과 거래액 8조원을 목표로 내세웠다.업계에서는 “SK텔레콤이 통신 사업자에서 구독플랫폼 사업자로 변신하기 위한 첫걸음”이라는 평가가 나온다. 오태완 한국투자증권 연구원은 “구독 서비스 출시를 통해 잠재 시장을 기존 2400만명 고객에서 전국민으로 확대했다”며 “기업·소비자 간 거래(B2C) 플랫폼을 직접 보유하며 고객 데이터를 확보하고 활용할 수 있다”고 말했다. ○구독경제 테마에 투자하려면구독경제는 일상에 녹아든 익숙한 개념이지만 관련 투자상품은 적은 편이다. 국내 투자상품으로는 ‘키움글로벌구독경제’ 펀드가 있다. 지난해 3월 출시됐으며 순자산은 환헷지 상품 기준으로 210억원 규모다. 1개월 수익률 3.37%, 1년 수익률 32.97%를 기록하고 있다. 어도비(4.77%), 이팸시스템즈(3.93%), 엔비디아(3.87%), 페이팔(3.24%) 등을 담고 있다.넷플릭스, 디즈니, 스포티파이 등 스트리밍 업체들에 투자하는 해외 ETF도 있다. 지난 2월 미국에 상장된 ‘라운드힐 스티리밍서비스&테크놀로지 ETF(SUBZ)’가 대표적이다. 올 들어 수익률(-33.93%)은 좋지 않다. 대부분의 종목들이 지난해 코로나19 수혜주로 주목받으며 주가가 급등한 이후 올 들어 조정을 받았기 때문이다. 하지만 지난달 말부터 반등 조짐을 보이면서 눈여겨볼 만하다는 평가가 나온다.스트리밍 ETF를 제외하면 현재 구독경제 관련주에 집중 투자하는 ETF는 없다. 다음달에는 국내 로보어드바이저 업체인 파운트가 미국 증시에 구독경제 테마형 ETF를 출시할 예정이다. 구독경제를 테마로 한 ETF가 상장되는 건 세계 최초다. 업계에서는 구독경제 ETF 출시에 힘입어 관련 시장이 확대될 것이라는 전망이 나온다."
2021.09.21.,금융위 대환대출 플랫폼 출시 사실상 ‘백지화’,url없음,<네이버 기사 없음>
2021.09.21.,삐걱대는 공모주 불패 신화···분위기 달굴 대어 뭐가 있나,url없음,<네이버 기사 없음>
2021.09.21.,인재 끌어보으는 빅테크·핀테크…최고수준 연봉은 기본,url없음,<네이버 기사 없음>
2021.09.21.,‘무료교육’ 캡슐커피머신 관심자 전문성향상 돕는 커피바리스타전문가자격증,url없음,<네이버 기사 없음>
2021.09.21.,"이달의 소녀 츄, 속마음 고백…""무뎌지고 강해져 괜찮아"" (톡이나 할까?)",https://n.news.naver.com/mnews/article/311/0001350752?sid=106,<구조 다름>
2021.09.21.,연말 ‘일감 몰아주기 규제’ 대기업 265곳→709곳 대폭 늘어,url없음,<네이버 기사 없음>
2021.09.21.,NCT127부터 양준일까지…멜론 추석특집 오디오콘텐츠,https://n.news.naver.com/mnews/article/014/0004711812?sid=103,"[서울=뉴시스] NCT 127. 2021.09.17. (사진 = SM엔터테인먼트 제공) photo@newsis.com /사진=뉴시스  [파이낸셜뉴스] 카카오엔터테인먼트의 뮤직플랫폼 멜론은 추석을 맞아 멜론 스테이션과 플레이리스트 등에서 특집 콘텐츠를 선보인다.   멜론의 오리지널 오디오 콘텐츠 서비스 ‘멜론 스테이션’에서 22일까지 하루에 두 편씩의 새로운 방송을 공개한다.   21일 오후 6시에는 정규 3집 ‘STICKER’를 17일 발매하는 그룹 NCT 127이 SM엔터테인먼트 아티스트 전용 프로그램 ‘SMing’에 전격 출연한다. 새 앨범 수록곡의 컨셉에 맞춘 코너를 통해 다양한 고민 사연에 대한 멤버들 각자의 조언을 전하고, 텔레파시 게임을 진행하며 취향까지 솔직하게 밝히는 자리가 마련된다.   연휴 마지막 22일 밤 9시엔 아이돌의 온라인 뮤직 토크쇼 ‘DOL잔치’에 14일 미니앨범 ‘블루 레터’(Blue Letter)로 컴백한 보이그룹 몬스타엑스 출신 가수 원호가 근황을 전한다. 이번 앨범 전곡 작사, 작곡에 참여한 원호가 평소 음악적 영감을 얻는 방법 등 팬들이 궁금해할 TMI가 다채롭게 쏟아진다.   이 밖에도 21일 오전 11시 ‘조수빈의 뮤직 다이어리 시즌2’에 ‘영원한 오빠’ 가수 양준일, 22일 오후 6시 ‘이게될까?’에 스무살 래퍼 이영지가 출연한다.   이밖에 여기에 MBC와 제휴를 통하여 21일 추석특집 예능 프로그램 ‘더 마스크드 탤런트’가 끝난 후 방송에 나온 곡들로 구성한 플레이리스트를 멜론에서 단독으로 공개할 예정이다. ‘더 마스크드 탤런트’는 예능 ‘복면가왕’의 스핀오프 프로그램으로 레전드 가수 김연우와 쌈디, 제시, 이석훈 등이 판정단으로 출격한다."
2021.09.21.,"[조이人]② 이재석 PD ""'체데' 특색=실제 커플, 시즌 2에도 강조""",url없음,<네이버 기사 없음>
2021.09.21.,"""카카오 일주일 못 쓰게 해야 정신 차릴 듯"" 블라인드 '망언' 공분",url없음,<네이버 기사 없음>
2021.09.21.,"김범수, 국내 최고부자 석달만에 이재용에 다시 내줘",https://n.news.naver.com/mnews/article/422/0000505525?sid=101,"김범수 카카오 이사회 의장이 석 달 만에 국내 최고 부자 자리를 이재용 삼성전자 부회장에게 다시 내줬습니다.블룸버그가 집계하는 세계 500대 부자 순위에 따르면 김 의장의 재산은 약 106억 달러, 우리돈 12조5천억 원으로 이재용 부회장 111억 달러보다 약 5억 달러 적은 것으로 추산됐습니다. 앞서 지난 6월 14일 김범수 의장은 재산 약 127억 달러로 이재용 부회장보다 1억 달러 정도 앞섰습니다. 김 의장은 개인 소유 투자회사 케이큐브홀딩스를 사회적 기업으로 전환할 계획이어서 재산이 40% 이상 줄어들 가능성도 제기되고 있습니다.연합뉴스TV 기사문의 및 제보 : 카톡/라인 jebo23"
2021.09.21.,"'개미는 오늘도 뚠뚠' 김종민X온유 댄스 배틀, 대반전 결과",url없음,<네이버 기사 없음>
2021.09.21.,[PRESS] 빌리 아일리시 - 이 2001년생은 도대체 어떤 삶을 살았길래 [도서],url없음,<네이버 기사 없음>
2021.09.21.,"SKT, 추석연휴 온라인몰서 선물 기획전…22일까지",url없음,<네이버 기사 없음>
2021.09.21.,"인터넷은행 수신금리 경쟁 심화되나…토스뱅크 ""無조건 연2% 금리""",url없음,<네이버 기사 없음>
2021.09.21.,[PRESS] 빌리 아일리시 - 이 2001년생은 도대체 어떤 삶을 살았길래 [도서],url없음,<네이버 기사 없음>
2021.09.21.,"SKT, 추석연휴 온라인몰서 선물 기획전…22일까지",url없음,<네이버 기사 없음>
2021.09.21.,"인터넷은행 수신금리 경쟁 심화되나…토스뱅크 ""無조건 연2% 금리""",url없음,<네이버 기사 없음>
2021.09.21.,"위아이, '위인전3' 점프 클라이밍부터 고공 계단까지 '운동돌' 증명",url없음,<네이버 기사 없음>
2021.09.21.,"[추석, 카카오서 놀자] '미생' 정주행하고 '오딘' 폭업사냥 해볼까",url없음,<네이버 기사 없음>
2021.09.21.,"뉴욕증시 비트코인 와르르, 헝다그룹 끝내 디폴트 파산 이더리움 달러환율 국제유가 흔들",url없음,<네이버 기사 없음>
2021.09.21.,[정무위 국감②] 문어발식 확장 논란…도마위에 오른 플랫폼 기업,https://n.news.naver.com/mnews/article/277/0004972165?sid=101,"카카오 논란, 정무위 국감 핵심으로 떠올라'머지 사태'와 금소법 논란도 질의 이어질 듯서울 여의도 국회의사당./윤동주 기자 doso7@다음달 초 개시를 눈앞에 둔 올해 국회 정무위원회 국정감사에는 '기울어진 운동장' 논란의 중심에 선 플랫폼 기업도 주요 쟁점이 될 전망이다. 특히 문어발식 확장과 함께, 최근 논란이 된 금융소비자보호법(금소법)에 대한 관련 플랫폼 기업의 입장을 확인하고 문제점을 점검하는 자리가 될 예정이다.21일 정치권에 따르면 정무위는 지난 16일 전체회의를 열고 김범수 카카오 이사회 의장을 비롯해 강한승 쿠팡 대표, 배보찬 야놀자 대표 등을 국감 증인으로 채택했다.먼저 김범수 카카오 의장의 경우 최근 확고한 시장 지배자 지위를 바탕으로 골목 상권에 침입하고 있는 문제점에 대한 지적이 줄을 이을 것으로 보인다. 김 의장은 더불어민주당에서는 윤관석, 송재호, 오기형 의원들이, 국민의힘에서는 윤주경, 윤창현 의원들이 증인으로 신청했다.의원들은 김 의장에게 ▲플랫폼 대기업의 불공정거래 개선 ▲문어발식 사업확장과 독점적 시장구조에 따른 이용자 수수료 상승 등 ▲소비자 기만, 온라인 플랫폼시장 성장에 따른 입점업체 보호 정책 외 ▲계열사 신고누락, 경쟁 계열사 인수합병, 기업집단 현황 공시 관련 ▲공세적 기업 인수합병(M&A)로 골목상권 위협, 과도한 수수료 착취부과 구조형성 지적 등 관련한 질문에 나서겠다고 사전에 밝힌 상황이다. 이와 함께 최근 논란이 됐던 금소법과 관련한 질의도 이어질 것으로 보인다. 한 정무위 관계자는 ""금소법도 최근 큰 논란을 불러 왔었기 때문에 질문이 안 들어 갈 수 없는 상황""이라고 밝혔다.배보찬 야놀자 대표는 과도한 광고비 수수료 착취 문제가 도마위에 오를 전망이다. 강한승 쿠팡 대표는 국내 온라인 플랫폼 규제에 대한 입장을 확인 할 예정이다.대규모 환불대란을 불러온 머지포인트 사태도 뜨거운 관심을 받을 것으로 보인다. 머지포인트 같이 등록되지 않은 선불업자에 대한 관리·감독이 소홀해 소비자와 영세자영업자 피해가 커졌다는 것이 의원들의 지적이다. 이와 관련해 권남희 머지플러스 대표로 증인으로 소환된다. 업계에서는 금융당국의 관리 사각지대에 놓인 선불전자지급업자에 대한 대책 마련이 요구될 것으로 관측하고 있다. 여기에 피해자들이 소송을 진행하고 있어, 이와 관련한 의견과 함께 입장에 대해서도 집중적인 추궁할 것으로 전망된다."
2021.09.21.,"[핀테크 이모저모③] ""대출 된다구요?""…신용평가發 혁명온다",https://n.news.naver.com/mnews/article/119/0002531819?sid=101,"카카오-네이버, 비금융정보 활용모바일 기록, 성실도 측정해 반영""저신용자 포함 모든 차주가 대상""대안신용평가 모델을 개발해 금융소외계층은 물론 기존 소비자에게 더 넓은 금융기회를 제공하는 서비스를 운영하는 핀테크 기업이 늘어나고 있다. ⓒ픽사베이[데일리안 = 김민석 기자] 개인차주 신용상태를 평가하는 사업에 진출하는 핀테크 기업이 늘어나고 있다. 기존 금융권이 활용하던 상환·연체이력이 아닌 모바일, 소셜 네트워크 서비스(SNS) 등 비금융 비정형 정보를 기반으로 차주의 신용도를 재평가한 뒤 대출상품과 연결시키는 방식이다. 소비자 입장에서는 필요한 대출수요를 충족할 수 있고, 핀테크는 고객·수수료를 챙길 수 있어 윈-윈이라는 평가가 나온다.21일 금융당국과 핀테크업계에 따르면 금융위원회가 지정한 20개 핀테크 기업이 '디(D)-테스트베드' 사업 모의시험을 진행하고 있다. 디-테스트베드는 핀테크 스타트업과 예비 창업자 등이 금융권 데이터를 활용해 혁신적 기술 아이디어의 사업성과 실현가능성을 검증해볼 수 있는 환경이다. 이 가운데 신용평가 고도화 검증을 신청한 핀테크 기업은 7곳에 달했다.대안신용평가 사업의 핵심은 '금융 상품 연계'다. 금융이력이 부족해 신용등급이 낮아 대출을 거절당하거나 상품 가입이 거절된 소비자에게 새로운 기회를 제공하는 역할이다. 이에 규모가 큰 빅테크 기업뿐 아니라 소규모 자본으로 시작한 핀테크 스타트업까지 다양한 기업이 금융 소비자에게 새로운 신용점수를 부여하기 위해 나섰다.인터넷전문은행인 카카오뱅크는 대출심사에 SK·KT·LG유플러스 등 이동통신 3사가 보유한 정보를 활용한다. 아울러 자사 플랫폼에서 제공하는 서비스인 카카오선물하기, 카카오T 등에서 확보한 정보도 대출심사에 활용된다. 고정적인 통신료 납부기록이나, 소비패턴을 기반으로 차주의 상환능력을 다시 들여다보겠다는 취지에서다.아울러 카카오뱅크는 한국신용데이터와 제휴하고 각사가 보유한 데이터를 바탕으로 영업 상황을 반영한 소상공인 신용평가 모델 개발에도 나섰다. 양사는 ▲가게 단골 수 ▲입지 조건 ▲소속 상권 성장성 ▲객단가 등 유·무형 요소를 신용평가에 반영해 대출 여부를 심사한다. 영업자금 마련에 어려움을 겪던 소상공인의 숨통을 틔워주기 위해서다.네이버는 지난해 말부터 온라인 소상공인을 대상으로 한 대출상품 '스마트스토어 사업자 대출'을 운영하고 있다. 온라인 영업자나, 창업 1년 미만 사업자가 대출을 받기 위해 부족한 소득·매출 증빙 자료를 대체할 새로운 신용평가모델을 개발한 것이다. 네이버는 스마트스토어별 재구매 비율, 반품률, 이용자 후기 등을 신용평가 기준으로 삼았다. 각 데이터를 인공지능(AI)으로 분석한뒤 산출된 추정 소득으로 대출을 심사하겠다는 입장이다.지난달 25일 금융위로부터 '전문개인신용평가업' 예비인가를 의결받은 대안신용평가 전문기업 크레파스솔루션은 최초 정부 인가 비금융 정보 기반 신용평가사 등극을 눈앞에 뒀다. 크레파스솔루션은 스마트폰 충전 기록, 주요 사용 시간 및 패턴 등 정보를 중심으로 성실도를 높게 평가해 신용점수를 산출한다.하나금융그룹과 SK텔레콤이 합작한 핀테크 기업 핀크는 SK텔레콤의 통신 데이터 기반 대안 신용 평가 모델 'T스코어'를 활용한 핀크 대출 서비스를 출시해 운영 중이다. 지난달 말 기준 대출 총 누적 조회 건수 430만건이고, 총 승인 금액은 20조원을 돌파했다.핀테크 업계 관계자는 ""단순히 신용등급이 낮은 차주를 위한 서비스가 아니라 접근성이 제한적이었던 신용평가업계 시스템을 흔들자는 게 대안평가모델의 기본 방향""이라며 ""기존 고신용 차주도 이 서비스를 활용하면 더 높은 한도를 적용받을 가능성도 있는 만큼 제한적이지 않은 서비스 제공이 최종 목표다""라고 말했다."
2021.09.21.,[쌈짓돈 재테크①]예금 금리 높은 상품 뭐 있나,https://n.news.naver.com/mnews/article/003/0010730382?sid=101,"기사내용 요약은행권, 정기예금 1년 만기 기준KB·카뱅 연 1.5%, SC·케뱅은 1.4%다음달 출범하는 토뱅, 2% 주목저축은행은 최고 2.65% 금리도[서울=뉴시스] 박은비 기자 = 저금리 시대, 연 1%조차 되지 않던 은행 예금 금리가 최근 기준금리 인상 신호탄과 함께 더디지만 조금씩 오르고 있다. 추석 연휴에 생긴 쌈짓돈이 있다면 시중은행 특별판매 상품을 노리거나 인터넷전문은행 정기예금에 맡기는 것도 좋겠다.21일 은행권에 따르면 국내 주요 은행은 지난달 기준금리 인상 이후 예·적금 금리 0.05~0.40%포인트 인상한 데 이어 특별판매를 선보이고 있다.KB국민은행은 추석 명절을 맞아 지난 20일부터 다음달 3일까지 2주간 'KB 스타(Star) 정기예금 특별금리' 최고 1.5%를 제공한다. 이 상품은 인터넷뱅킹 또는 KB스타뱅킹에서 가입할 수 있는 비대면 전용 정기예금으로 개인이나 개인사업자가 대상이다. 최소 가입금액은 100만원 이상이다.▲1개월 이상 3개월 미만 0.6% ▲3개월 이상 6개월 미만 1.0%▲6개월 이상 12개월 미만 1.2% ▲12개월 이상 24개월 미만 1.4% ▲24개월 이상 36개월까지 1.5%가 적용된다.국민은행 관계자는 ""추석명절을 풍성하게 보낼 수 있도록 정기예금 특별금리 이벤트를 마련했다""며 ""코로나19로 어려움을 겪는 고객들의 자산관리에 도움이 됐으면 좋겠다""고 말했다.SC제일은행은 오는 30일까지 연 1.4%를 적용하는 1년제 퍼스트정기예금을 특별판매한다. 이달 중 영업점에 방문하는 첫 거래 개인 고객이 최소 가입금액 등 일정 조건을 갖추면 연 1.4% 이자를 받을 수 있다.100% 비대면인 인터넷은행들의 정기예금 상품도 관심 가질 만하다. 은행연합회에 따르면 현재 정기예금 금리가 가장 높은 은행은 카카오뱅크다. 1년 만기 기준 연 1.5%로 케이뱅크는 1.4%로 뒤를 이었다.다음달 초 출범을 앞둔 제3의 인터넷은행 토스뱅크는 아무 조건 없이 연 2% 금리를 제공하는 수시입출금통장을 예고해 주목받았다. 가입기간이나 예치금액 등 제한 없이 예치한 날부터 연 2% 이자를 매달 지급한다. 제2금융권에서는 상당수 저축은행 정기예금이 연 2% 중반대 금리를 적용하고 있다. 저축은행중앙회에 따르면 저축은행들의 정기예금 금리는 1년 만기 기준 1.2~2.65% 수준이다. ES저축은행과 금화저축은행이 2.65%로 가장 높은 금리를 제공한다. 그다음 상상인플러스저축은행과 우리금융저축은행이 2.62% 수준으로 집계됐다.한편 연휴 기간 각종 이벤트를 실시하는 은행도 있다. 하나은행은 지난 18일부터 5일간 스마트폰뱅킹 하나원큐 애플리케이션(앱)에서 '하나원큐 힐링 재테크'를 진행한다. 행운의 송편 뽑기, 금융 재테크하고 치킨 최대 3마리 받기, 추석 연휴 특별 우대금리 적금, CU 스타벅스 쿠폰 지급 적금 등이다. 추석 연휴 특별 우대금리 적금은 비대면으로 이(e)-플러스적금을 가입하면 연 0.5% 우대한다.신한은행은 앱 쏠(SOL)에서 윷놀이를 하면 마이신한포인트 등을 제공하는 '달토끼의 추석선물 이벤트'를 시행한다. 기간은 지난 15일부터 30일까지다. 최대 100만 마이신한포인트, 쿠팡이츠 할인쿠폰 1만원 등을 랜덤 지급한다.카카오뱅크는 오는 26일까지 '추석엔 럭키 드로우 이벤트'를 진행한다. 카카오뱅크 계좌를 보유하거나 서비스를 이용하고 있는 고객이라면 누구나 참여할 수 있다. 매일 1회 응모할 수 있으며 피자 세트 1000명, 치킨 세트 2000명, 케이크 7000명, 커피 1만명, 불닭볶음면 3만명, 바나나맛 우유 5만명 등 총 10만명을 추첨한다．"
2021.09.21.,"1차접종 3천652만여명, 인구의 71.1%…3천161명 잔여백신 2차접종(종합)",https://n.news.naver.com/mnews/article/001/0012664854?sid=100,"접종 완료자 9천572명↑ 누적 2천218만500명…인구 대비 43.2%18일부터 다시 예약기회 얻은 미접종자 0.8%, 4만4천528명 예약예방접종센터(서울=연합뉴스) 신준희 기자 = 17일 서대문구 북아현문화체육센터에 마련된 코로나19 예방접종센터에서 백신 접종을 마친 시민들이 이상반응 모니터링을 하고 있다. hama@yna.co.kr(서울=연합뉴스) 김서영 기자 = 국내 신종 코로나바이러스 감염증(코로나19) 백신 1차 접종률이 70%를 돌파한 가운데 20일 하루 동안 2만1천여명이 1차 접종을 하고 9천여명이 접종을 마쳤다.    21일 코로나19 예방접종대응추진단(추진단)에 따르면 전날 신규 1차 접종자는 2만1천683명, 접종 완료자는 9천572명으로 집계됐다.    전날 신규 1·2차 합산 접종자 수는 3만1천255명으로, 일요일인 직전일(4만5천211명)에 이어 이틀 연속 큰 폭으로 줄었다. 주말이었던 18일은 57만8천680명이었다.    이는 휴일이자 추석 연휴 셋째 날을 맞아 일부 위탁의료기관과 예방접종센터가 문을 닫거나 단축 운영을 한 데 따른 것이다. 어제 하루 신규 1차 접종 2만1천683명↑…접종완료 9천572명↑    백신 종류별 신규 1차 접종자는 모더나 1만3천338명, 화이자 8천328명, 얀센 16명, 아스트라제네카(AZ) 1명이다.    이날 0시 기준 국내 누적 1차 접종자는 3천652만7천829명으로 전체 인구(작년 12월 기준 5천134만9천116명)의 71.1%에 해당한다. 18세 이상 인구 기준 1차 접종률은 82.7%다.    누적 1차 접종자를 백신별로 보면 화이자 1천974만9천504명, 아스트라제네카 1천108만6천402명, 모더나 427만6천519명이다.    얀센 백신 누적 접종자는 141만5천404명이다. 1회 접종만으로 끝나는 얀센 백신을 맞은 사람은 1·2차 접종 수치에 모두 반영된다.    전날 2차까지 새로 접종을 마친 사람은 9천572명이다.    백신별로 보면 화이자 7천989명, 모더나 1천557명, 아스트라제네카 10명이다.    아스트라제네카 접종 완료자는 총 95명으로 집계됐으나, 이 가운데 85명은 1차 접종 때 아스트라제네카 백신을 맞은 뒤 2차 접종을 화이자 백신으로 교차 접종한 이들이다.    이로써 2차 접종까지 모두 마친 사람은 2천218만500명으로 늘었다. 이는 인구 대비 43.2% 수준이며, 18세 이상 기준으로는 50.2%다.    백신별 누적 접종 완료자는 아스트라제네카 1천31만9천660명(교차접종 158만5천896명 포함), 화이자 943만4천910명, 모더나 101만526명이고 나머지는 얀센 접종자다.    성별 접종 완료율을 보면 여성은 2천574만6천790명 가운데 1천148만3천792명이 접종을 완료해 44.6%, 남성은 2천560만2천326명 중 1천69만6천708명이 접종을 마쳐 41.8%로 각각 집계됐다. 1차 접종률은 여성이 72.6%, 남성이 69.7%다.    연령대별 접종 완료율은 70대가 89.4%로 가장 높았고 이어 60대 87.3%, 80세 이상 79.7% 순이었다. 상대적으로 접종이 늦게 시작된 나머지 연령대의 경우 50대 46.0%, 30대 33.7%, 18∼29세 29.2%, 40대 29.0%, 17세 이하 0.2% 등이다.[그래픽] 코로나19 예방접종 현황(서울=연합뉴스) 장예진 기자 = 21일 코로나19 예방접종대응추진단에 따르면 이날 0시 기준 국내 누적 1차 접종자는 3천652만7천829명으로 전체 인구(작년 12월 기준 5천134만9천116명)의 71.1%에 해당한다.    jin34@yna.co.kr    트위터 @yonhap_graphics  페이스북 tuney.kr/LeYN1 어제 잔여 백신으로 3천161명 2차접종…미접종자 추가 예약률 0.8%    이날 0시 기준으로 국내에 남아있는 백신 물량은 총 1천867만4천회분이다.    백신별로는 모더나 807만2천100회분, 화이자 585만500회분, 아스트라제네카 449만6천회분, 얀센 25만5천400회분이다.    전날 각 의료기관에서 관리하는 예비명단이나 네이버·카카오 등 사회관계망서비스(SNS) 애플리케이션(앱)을 통해 '잔여 백신'을 접종한 사람은 1차 접종 기준 1천70명(예비명단 1천64명·SNS 당일예약 6명), 2차 접종 기준 3천161명(예비명단 3천125명·SNS 당일예약 36명) 늘었다.    이로써 잔여백신 접종자는 누적 1차 접종 450만6천799명, 접종 완료 19만873명으로 집계됐다.    한편 그간 접종 기회를 놓쳤거나 미뤄왔던 미접종자를 위한 접종 예약이 18일 오후 8시부터 시작된 가운데 현재까지 대상자 577만6천556명 중 4만4천528명(0.8%)이 예약을 한 것으로 집계됐다.    18세 이상(2003년 12월 31일 이전 출생자) 중 미접종자나 미예약자는 이달 30일 오후 6시까지 사전예약시스템(https://ncvr.kdca.go.kr)에서 접종 일정을 잡을 수 있다.    현재 국내에서는 아스트라제네카, 화이자, 얀센, 모더나 등 4가지 백신으로 예방접종이 이뤄진다.    아스트라제네카와 화이자, 모더나 백신은 2차례 접종이 필요하고 얀센 백신은 1차례 접종으로 끝난다.    1·2차 접종 간격은 백신 종류마다 조금씩 다르다. 아스트라제네카 백신은 4∼12주, 화이자 백신은 3주, 모더나 백신은 4주 간격을 두고 2차 접종이 권고된다.    다만 추진단은 백신 공급 상황의 불확실성을 반영해 현재 mRNA 백신(모더나·화이자)의 접종 간격을 한시적으로 6주까지 늘려 적용하고 있으며, '잔여 백신'을 활용해 2차 접종을 할 경우에는 간격을 단축할 수 있도록 했다.    sykim@yna.co.kr"
2021.09.21.,"""그 돈 다 어디다 썼나""…20대 마이너스대출 잔액 2조5000억 '마통 뚫고 카드론 쓰고'",https://n.news.naver.com/mnews/article/009/0004854837?sid=101,"[매경DB]20대 청년층의 마이너스 통장·카드 대출(카드론)이 2조5000억원을 넘어선 것으로 나타났다. 대출 증가세와 맞물려 신용회복위원회(신복위)를 통해 채무조정을 신청하는 20대도 늘고 있다.국회 정무위원회 소속 전재수 의원(더불어민주당)이 21일 금융감독원에서 받은 자료에 따르면, 금융권의 마이너스 상품을 이용한 20대의 대출 잔액은 6월 말 기준 2조5787억원으로 집계됐다. 2017년 말에는 1조8681억원 수준이던 20대의 마이너스 상품 대출 잔액은 꾸준히 증가세를 이어가며 3년 반 동안 38% 급증했다.연령별로 보면 30대와 40대가 각각 19만8000개의 마통 계좌를 새로 만들었고, 50대가 13만9000개의 마통 계좌를 새로 뚫었다. 이어 60대 이상 5만8000개, 20대 이하 6만1000개 순이었다. 올해 1∼6월 마통 대출로 새로 나간 금액(신규 취급액·한도금액 기준)은 23조3000억원이었다. 작년 말 대비 올 상반기 증가율은 4.2%로, 연간 증가율 26.5%를 기록한 작년 말에 비하면 둔화했지만 증가세를 이어가고 있다.연령별로는 30대가 7조8000억원으로 가장 많았고, 40대 7조5000억원, 50대 4조9000억원, 20대 이하 1조9000억원, 60대 이상 1조2000억원 순으로 확인됐다.업권별로 보면 올 상반기 기준 시중은행의 마이너스 통장 대출잔액은 2조5000억원으로, 작년 말보다 1000억원(4.2%) 늘었다. 저축은행은 작년말 대비 14억원(2.1%) 증가한 675억원이었다. 특히 여신금융의 마이너스 카드론 대출잔액은 112억원으로 15억원(15.5%) 증가했다.청년들이 은행보다 대출을 받기는 쉽지만 금리는 높은 카드론으로 넘어간 것으로 해석된다. 대출이 늘면서 채무조정 신청도 증가하는 추세다. 신용회복위원회에 채무조정을 신청한 20대는 2017년 1만 202명에서 지난해 말 1만2780명으로 3년 사이 25.3% 늘었다. 같은 기간 20대 채무조정 금액은 2287억원에서 작년 3108억원으로 35.9% 증가했다. 올 상반기 신청인은 6109명이다. 전재수 의원은 ""금융 경험이 풍부하지 않은 사회 초년생들이 빚의 굴레에 빠지고 있는 실정""이라며 ""제2금융권을 중심으로 청년 대출자에 대한 상환 여력 점검과 대책 마련이 시급하다""고 말했다.다만, 올 하반기 신규 마통 개설 건수가 계속 늘더라도 대출 잔액 증가세는 주춤하거나 꺾일 것으로 예상된다. 최근 주요 은행들은 금융당국의 가계대출 증가율 억제 기조에 발맞춰 마통 대출 한도를 대폭 줄였다. KB국민·신한·하나·우리·NH농협 등 5대 은행의 마통 한도는 최대 5000만원으로 축소됐고, 카카오뱅크는 최대 3000만원으로 낮췄다."
2021.09.21.,'윤석열 고발사주' '대장동 특혜' 의혹…국감대전 최대 승부처,https://n.news.naver.com/mnews/article/003/0010730259?sid=100,"기사내용 요약문재인 정부 마지막 국감…대선 전초전 양상여야, 대선 정국 주도권 장악 위해 사생결단법사위 尹 '고발 사주' '대장동 특혜' 의혹 쟁점정무·과방·산자·환노 등 대기업 플랫폼 도마[서울=뉴시스] 최동준 기자 =김태년 운영위원회 위원장이 지난해 10월30일 오전 서울 여의도 국회에서 열린 운영위원회의 국가인권위원회에 대한 국정감사에서 의사봉을 두드리고 있다. (공동취재사진) 2020.10.30. photo@newsis.com[서울=뉴시스] 이창환 기자 = 문재인 정부 마지막 국정감사가 오는 10월1일부터 시작된다. 이번 국감은 내년 3월 대선을 앞두고 여야가 대선 정국의 주도권을 쥐기 위해 치열한 대결을 벌일 것으로 전망된다. 21일 정치권에 따르면 윤석열 전 검찰총장을 둘러싼 '고발 사주' 및 '장모 사건 대응 문건' 의혹과 야권에서 제기하고 있는 이재명 경기지사의 '대장동 개발 특혜' 의혹 등이 이번 국감의 최대 쟁점이 될 것으로 예상된다.문어발식 사업 확장 등 불공정 거래와 수수료 횡포 등으로 도마 위에 오른 대기업 플랫폼 카카오, 네이버도 복수의 상임위로부터 출석 요구를 받으면서 이번 국감의 주요 쟁점으로 떠오를 전망이다.다음 달 1일 시작하는 국회 법제사법위원회 국정감사에서는 야권 유력 대선주자인 윤 전 총장 관련 고발 사주·장모 사건 대응 문건 의혹이 도마 위에 오를 전망이다. 더불어민주당에서는 해당 의혹들을 검찰권의 사유화로 인한 국기문란 사건으로 규정한 반면, 국민의힘에서는 제보자 조성은씨와 박지원 국가정보원장과의 공모 의혹을 제기하며 반박에 나선 상황이다. 현재 검찰과 고위공직자범죄수사처(공수처) 등이 고발사주 의혹에 대해선 감찰 및 수사 중이다. 윤 전 총장, 손준성 대구고검 인권보호관(전 대검찰청 수사정보정책관)를 비롯한 의혹 관련자에 대한 수사·감찰 진척 상황이 국감에 영향을 줄 것으로 보인다.10월 법사위 국감 중 법무부는 5일, 공수처는 12일, 서울중앙지검 등은 14일, 대검은 18일 등으로 일정이 잡혀 있다.같은 달 말 진행될 예정인 정보위원회 국감에서는 '제보 사주' 의혹이 쟁점이 될 것으로 보인다. 정무위원회는 국감 증인으로 문어발식 사업 확장과 계열사 신고 누락, 골목상권 위협 등 불공정 거래 논란을 빚은 카카오의 김범수 의장을 다음 달 5일 국감 증인으로 불렀다. 폰지사기 의혹까지 받은 '머지포인트' 권남희 머지플러스 대표도 같은 날 국감장 출석 요구를 받았다. 또 박정호 SK텔레콤 대표, 구현모 KT 대표, 황현식 LG유플러스 대표 등 통신 3사 대표들도 국감장에서 5G 품질문제로 인한 불공정 약관, 요금제 등 소비자 피해 관련 질의를 받을 예정이다.행정안전위원회의 경우 1일부터 7일까지 행정안전부·경찰청 등을 대상으로 쿠팡 물류센터 화재 사고 및 광주 건물 붕괴 참사 등 관련 증인·참고인을 부른 상황이다.8일 인사혁신처와 공무원연금공단·중앙선거관리위원회뿐만 아니라 12일부터는 지방자치단체 등에 대한 국감이 예정돼 있다. 특히 18일 경기도 국감의 경우 민주당 유력 대선주자인 이 지사의 '대장동 특혜' 의혹에 대한 야권의 총공세가 예상된다.다만 8일 이후 행안위 국감 일정에 대한 증인·참고인은 1일 여야가 의결할 예정으로, 아직 확정된 바는 없는 것으로 전해졌다. 국토교통위원회의 경우 5일 국토교통부 등, 한국토지주택공사는 7일 예정된 국감에서 땅 투기 의혹으로 논란을 빚은 한국토지주택공사(LH) 혁신안이 쟁점이 될 것으로 보인다. 야권에서는 이 지사의 대장동 개발 특혜 의혹을 제기한 만큼 관련자들을 국감장에 불러야 한다는 입장이지만, 아직 여야 간 의결된 바가 없어 불투명한 상황이다. 서울시와 경기도 국감은 20일 예정됐다. 국민의힘은 최근 국토위·정무위·행안위 소속 의원으로 '이재명 경기지사 대장동게이트 진상조사 TF(태스크포스)'를 구성한 만큼, 관련자들에 대한 야권의 증인·참고인 출석 요구가 복수 상임위로 번질 가능성도 제기된다.대장동 의혹은 이 지사가 성남시장 재선 후 공영개발로 추진한 대장지구 개발사업 컨소시엄에 선정된 '성남의 뜰'과 해당 컨소시엄에 참여한 업체 화천대유자산관리(화천대유)가 이 지사와 특수관계에 있다는 것이 골자다. 이에 이 지사는 ""대표적인 모범 개발 행정 사례""라고 정면 반박한 뒤, 관련 수사도 공개 의뢰한 바 있다. 아울러 곽상도 국민의힘 의원의 아들이 화천대유에서 근무한 데 대한 해명을 요구하기도 했다.과학기술정보방송통신위원회에서도 김범수 카카오 의장, 이해진 네이버 글로벌투자책임자 등을 국감 증인으로 요청하면서 대기업 플랫폼들의 수수료 폭리 등이 도마 위에 오를 것으로 보인다. 과학기술정보통신부 등은 1일, 한국방송공사(KBS)와 한국교육방송공사(EBS)는 12일 등 각각 국감이 진행된다.국방위원회 국감장에서는 군 내 성추행 문제와 사병들의 급식 등 복지 개선 사안 관련 질의가 오갈 것으로 보인다. 야권에서는 최근 북한의 순항미사일 발사 및 탄도미사일 관련해 공세를 펼칠 가능성도 제기된다.  이 외에도 산업통상자원중소벤처기업위원회와 환경노동위원회도 네이버와 카카오 등 대기업 플랫폼 대표를 증인으로 각각 부를 예정인 것으로 전해졌다. 한편 보건복지부와 질병관리청을 소관 부처로 두고 있는 보건복지위원회 국감에서는 코로나19 현안 등에 대한 질의가 나올 것으로 관측된다．"
2021.09.21.,"""따끈따끈한 새 제품이에요""…당근마켓에 쏟아진 명절 선물세트",https://n.news.naver.com/mnews/article/009/0004854881?sid=101,"선물 세트 매물들이 중고거래 시장에 쏟아지고 있다. 지난 설 명절에 이어 이번 추석 명절에도 회사 등에서 받은 선물세트를 온라인상에서 저렴하게 되파는 추세가 반복되고 있는 것. 추석 명절을 맞아 마트와 편의점 등에서 판매됐던 각종 선물 세트들이 이제는 중고거래 대상이 된 것으로 풀이된다.21일 중고거래 플랫폼 '당근마켓'에 따르면 추석 연휴가 시작된 지난 주말부터 미개봉 추석선물세트 거래 희망자가 급증했다. 서울 서대문구를 중심으로 '선물'을 검색했을 때 20~21일 이틀 간 올라온 매물만 100여 건에 달한다.종류는 햄, 홍삼, 소금, 참치, 샴푸 등 다양하다. 가격대는 1만 원대~3만 원대가 주를 이룬다. 10만 원대의 고가품도 있지만, 대부분 상품이 온라인 최저가보다 저렴하게 올라오기 때문에 거래 또한 빠르게 이뤄지는 추세다. 판매자들은 ""방금 선물 받아서 유통기한 넉넉한 새제품"", ""인터넷서 2만8900원이지만 2만원에 팝니다"" 등의 설명을 달았다.또 다른 중고거래 플랫폼인 '중고나라'에서도 스팸이 인기리에 거래되고 있다. 중고나라 게시판에 '스팸 선물세트'를 검색하면 지난 달 16일부터 1개월여간 100개 이상이 매물로 나왔으며, 이 중 90여 개가 거래됐다. 중고나라에서 거래되는 스팸 선물세트 시세도 정가의 60% 선에 형성됐으며, 매물로 등록되자마자 곧바로 거래가 완료되는 것으로 파악됐다.스팸 선물세트 판매자들은 ""선물로 받았는데 스팸 별로 좋아하지 않아 싸게 올립니다"" ""오늘 받은 새 상품이라 유통기한은 2024년까지 넉넉합니다"" ""개봉하지 않은 새 상품이어서 선물하기 좋습니다"" 등의 글을 남겼다.구매자들은 ""추석이라 그런지 스팸 선물세트 매물이 쏟아지네요"" ""자취생들은 그저 신납니다"" 등의 반응을 보였다.명절 선물세트를 온라인상에서 되파는 모습은 일상이 됐다. 한 네티즌은 카카오톡 선물하기로 받은 스팸 선물세트를 1만8000원에 매물로 등록했다. 구매자가 입금하면 판매자가 구매자의 배송지를 기프트카드에 입력해서 거래하는 방식이다.중고거래 플랫폼 관계자는 ""판매자 입장에서 명절 선물세트는 매입 원가가 없기 때문에 싼값에 되팔아도 충분히 이익을 볼 수 있어 많이 거래되는 것 같다""고 분석했다."
2021.09.21.,상반기 국내은행서 개설된 마통 65만개…새로나간 대출 23조,https://n.news.naver.com/mnews/article/001/0012665097?sid=101,"30·40대가 15조원 차지…6월말 기준 마통 대출잔액 60조 돌파 (서울=연합뉴스) 김연정 김연숙 기자 = 올해 상반기 국내 17개 은행(19개 은행 중 수출입·중소기업은행 제외)에서 마이너스통장(마통)이 65만개 개설돼 23조원의 대출이 새로 나간 것으로 나타났다.    금융당국이 작년 하반기부터 마통 대출 조이기를 강화해 왔으나, 올 상반기에도 여전히 마통 대출이 많이 나간 것이다.     21일 국회 정무위원회 소속 더불어민주당 전재수 의원이 금융감독원에서 받은 자료에 따르면, 올해 1∼6월에 새로 개설된 마통 대출 계좌는 총 65만3천건이었다.    연령별로 보면 30대와 40대가 각각 19만8천개의 마통 계좌를 새로 만들었고, 50대가 13만9천개의 마통 계좌를 새로 뚫었다. 이어 60대 이상 5만8천개, 20대 이하 6만1천개 순이었다.[그래픽] 연령대별 마이너스통장 대출 잔액 현황(서울=연합뉴스) 장예진 기자 = jin34@yna.co.kr    올 1∼6월에 마통 대출로 새로 나간 금액(신규 취급액·한도금액 기준)은 23조3천억원이었다.     연령별로는 30대가 7조8천억원으로 가장 많았고 40대가 7조5천억원으로 뒤를 이었다. 이어 50대 4조9천억원, 20대 이하 1조9천억원, 60대 이상 1조2천억원 순이었다. 은행권, 마통 '최대 5천만원'으로 묶는다연합뉴스 자료사진]이처럼 상반기에도 마통 대출을 받는 수요가 줄지 않으면서, 올해 6월말 기준 국내 17개 은행의 마통 대출 잔액(차주가 한도금액 내에서 실제로 이용 중인 금액)은 60조원을 돌파했다.    마통 대출 잔액은 2017년 말 45조1천억원, 2018년 말 49조4천억원, 2019년 말 51조7천억원, 2020년 말 58조원, 올해 6월말 60조8천억원으로 계속 늘고 있다.    다만 마통 대출 계좌 수는 작년 말 최대치를 찍은 뒤 다소 줄어들었다.     마통 대출 계좌는 2017년 말 462만8천건, 2018년 말 468만9천건, 2019년 말 478만건, 2020년 말 493만9천건으로 계속 늘다가 올해 6월 말 기준 491만6천건으로 소폭 줄었다. 마통 대출 기한이 만료된 후 연장 또는 재약정하지 않는 경우가 늘어난 데 따른 것으로 보인다.     작년 하반기부터 금융당국이 신용대출을 비롯한 가계대출 옥죄기에 나서면서 각종 규제를 도입할 때마다, 미리 마통을 뚫어놓으려는 수요가 몰리며 신규 마통 대출이 폭발적으로 증가하는 현상이 되풀이됐다.    이에 주요 시중은행 상당수는 연초부터 마통 대출 한도를 5천만원으로 대폭 줄이고 마통 대출 금리를 올리는 등의 조치를 취했으나, 올 상반기에도 작년과 비슷한 흐름의 마통 계좌 신규 개설과 대출액 증가세가 이어진 셈이다.    다만 하반기 신규 마통 개설 건수가 계속 늘더라도 마통 대출 잔액 증가세는 주춤하거나 꺾일 것으로 보인다.    최근 주요 은행들은 금융당국의 가계대출 증가율 억제 기조에 발맞춰 마통 대출 한도를 대폭 줄였다. KB국민·신한·하나·우리·NH농협 등 5대 은행의 마통 한도는 최대 5천만원으로 축소됐고, 카카오뱅크는 최대 3천만원으로 낮췄다.        더불어민주당 전재수 의원[전재수 의원실 제공][표1] 국내 은행의 연령대별 마이너스통장 대출 잔액 현황 (19개 은행 중 수출입은행·중소기업은행 제외) (단위: 조원)    ※ 잔액: 기간 말 차주가 한도금액 내에서 실제로 이용 중인 금액 [표2] 국내 은행의 연령대별 마이너스통장 대출 신규취급액 (단위: 조원)    ※ 신규취급액: 한도금액 기준[표3] 국내 은행의 연령대별 마이너스통장 대출 신규계좌수 (단위: 만건)(자료: 금융감독원, 전재수 의원실)    yjkim84@yna.co.kr"
2021.09.21.,"'패배자 새X' 욕설 퍼부은 與 청년대변인, 해명 들어보니…",https://n.news.naver.com/mnews/article/015/0004606894?sid=100,"하헌기 막말 논란 ""스토킹 수준 괴롭힘 당해""野 ""GSGG 이어 또…즉각 출당하라""하헌기 더불어민주당 청년대변인 /사진=연합뉴스TV하헌기 더불어민주당 청년대변인(상근 부대변인)이 개그맨 윤정섭 씨에게 욕설을 퍼부었다는 논란과 관련해 ""스토킹 수준의 괴롭힘을 당했다""고 해명했다. 21일 하 청년대변인은 연합뉴스와 통화에서 ""공적인 발언이 아닌 사적인 이야기였지만, 욕설을 하는 것 자체가 부적절했다. 반성하고 있다""라고 밝혔다.윤 씨에 대해서는 ""개그맨이 아닌 보수 유튜버""라며 ""'헬마우스' 유튜브 채널을 운영할 때부터 조금씩 분쟁이 있었다""고 설명했다. 그러면서 ""(윤 씨로부터)페이스북, 카카오톡 등 개인 SNS를 통해 지속적으로 스토킹 수준의 괴롭힘을 당했고, 그만하라는 취지로 전화를 걸었던 것""이라고 주장했다.사건의 발단은 하 청년대변인이 한 주간지에 기고한 '극우 유튜버의 구속, 왜 유튜브는 가만히 있을까' 칼럼에 대해 윤 씨가 영상을 올리면서다. 하 청년대변인의 칼럼은 유튜브에서 벌어지는 명예훼손, 모욕 등 범죄는 운영사인 유튜브에서도 책임을 물어야 한다는 내용이다. 글에는 고 박원순 전 서울시장 재임 시절 서울시와 기타리스트 신대철 씨 간 유착 의혹을 제기한 유튜버 최일환 씨의 사진이 함께 게재됐다. 윤 씨는 지난 3일 온라인 방송을 통해 과거 최 씨로부터 비판을 당한 하 청년대변인이 자신과 친분이 있는 언론사를 통해 개인의 앙갚음을 한 것이라는 취지의 발언을 했다. 이후 얼마 지나지 않아서 하 청년대변인으로부터 ""씨X새X끼"", ""패배자 새X"" 등 욕설 전화를 받았다는 게 윤 씨의 주장이다.국민의힘 대권주자인 윤석열 전 총장 캠프 측은 논평을 통해 ""더불어민주당은 쌍욕을 뱉은 청년대변인을 즉각 경질하고 출당하라""고 촉구했다.앞서 민주당 김승원 의원이 언론중재법 본회의 상정 무산을 놓고 박병석 국회의장을 향해 'GSGG'라는 표현으로 물의를 빚었던 일을 언급하며 ""여당에선 욕설과 막말을 잘하면 출세한다는 문화가 있는지 몰라도 듣는 국민의 마음은 매우 불편할 것""이라고 비판했다.손혜원 전 민주당 의원 보좌진 출신인 하 청년 대변인은 '추월의 시대'를 공동 집필하기도 했다. 올해 8월 민주당 청년대변인으로 임명됐다. 윤 씨는 현재 SNS와 TBN 등에서 개그맨 겸 리포터로 활동 중이며, 유튜브 채널 '캡틴TV'를 운영하고 있다."
2021.09.21.,인구 71.1% 1차접종 완료…1·2차 접종자 인구 대비 43.2%,https://n.news.naver.com/mnews/article/009/0004854836?sid=103,"예방접종센터 [사진 = 연합뉴스] 국내 코로나19 백신 1차 접종률이 70%를 돌파했다. 어제(20일) 하루 동안 2만1000여명이 1차 접종을, 9000여명은 2차 접종을 마쳤다.21일 코로나19 예방접종대응추진단(추진단)에 따르면 전날 신규 1차 접종자는 2만1683명, 접종 완료자는 9572명으로 집계됐다. 신규 1·2차 합산 접종자수는 3만1255명으로, 직전 토요일(57만8680명)과 일요일(4만5211명)에 비해 크게 줄었다. 이는 휴일이자 추석 연휴 셋째 날을 맞아 일부 위탁의료기관과 예방접종센터가 문을 닫거나 단축 운영을 한 데 따른 것으로 보인다.이날 0시 기준 국내 누적 1차 접종자는 3652만7829명으로 전체 인구(작년 12월 기준 5천134만9116명)의 71.1%에 해당한다. 18세 이상 인구 기준 1차 접종률은 82.7%다.전날 2차까지 새로 접종을 마친 사람은 9572명으로, 2차 접종까지 모두 마친 사람은 2218만500명으로 늘었다. 이는 인구 대비 43.2% 수준이며, 18세 이상 기준으로는 50.2%다.성별 접종 완료율을 보면 여성은 2574만6790명 중 1148만30792명이 접종을 완료해 44.6%, 남성은 2560만2326명 중 169만6708명이 접종을 마쳐 41.8%로 각각 집계됐다. 연령대별 접종 완료율은 70대가 89.4%로 가장 높았고 이어 60대 87.3%, 80세 이상 79.7%, 50대 46.0%, 30대 33.7%, 18∼29세 29.2%, 40대 29.0%, 17세 이하 0.2% 순이다. 이날 0시 기준 국내에 남아있는 백신 물량은 총 1867만4000회분(모더나 807만2100회분, 화이자 585만500회분, 아스트라제네카 449만6000회분, 얀센 25만5400회분)이다.전날 각 의료기관에서 관리하는 예비명단이나 네이버·카카오 등 사회관계망서비스(SNS) 앱을 통해 '잔여 백신'을 접종한 사람은 1차 접종 기준 1070명(예비명단 1064명·SNS 당일예약 6명), 2차 접종 기준 3161명(예비명단 3125명·SNS 당일예약 36명) 늘었다.이로써 잔여백신 접종자는 누적 1차 접종 450만6799명, 접종 완료 19만873명으로 집계됐다.한편 그동안 접종 기회를 놓쳤거나 미뤄왔던 미접종자를 위한 접종 예약이 18일 오후 8시부터 시작된 가운데 현재까지 대상자 577만6556명 중 4만4528명(0.8%)이 예약을 했다. 18세 이상(2003년 12월 31일 이전 출생자) 중 미접종자나 미예약자는 이달 30일 오후 6시까지 사전예약시스템에서 접종 일정을 정할 수 있다.현재 국내에서는 아스트라제네카, 화이자, 얀센, 모더나 4가지 백신으로 예방접종이 이뤄진다. 아스트라제네카와 화이자, 모더나 백신은 2차례 접종이 필요하고 얀센 백신은 1차례만 접종하면 된다.1·2차 접종 간격은 아스트라제네카 백신은 4∼12주, 화이자 백신은 3주, 모더나 백신은 4주다. 다만 추진단은 백신 공급 상황의 불확실성을 반영해 현재 mRNA 백신(모더나·화이자)의 접종 간격을 한시적으로 6주까지 늘려 적용하고 있으며, '잔여 백신'을 활용해 2차 접종을 할 경우에는 간격을 단축할 수 있도록 했다."
2021.09.21.,남혐 검증 잣대된 '집게 손'…기업들은 왜 사과하나,https://n.news.naver.com/mnews/article/018/0005042268?sid=102,"[20대에게 젠더란]④기업들 남혐 비난에 사과 잇따라 ""사과할 일 아닌데 너무 쉽게 고개 숙여"" 역풍""사과해도, 안해도 비난..구설수 오른 자체가 부담""“솔직히 기업들이 소위 '메갈 손가락'에 대해 사과하는 걸 보면서 어처구니가 없기는 했어요.  근데 그런 모습을 보면서 저 손가락 모양이 뭐길래, 페미니즘이 얼마나 나쁘다고 생각하길래 저렇게까지 하는거지라는 생각도 같이 들었습니다.”평소 젠더갈등 이슈에 별 관심이 없다는 대학생 조모씨 (23)는 '집게손 모양'이나 '남혐 용어 사용' 논란에 기업들이 너무 쉽게 고개를 숙이는 것 같다고 했다. 일부지만 남성들이 왜 이같은 문제에 이렇게까지 예민하게 반응하는 건지 의문이 든다고 했다.집게 손 모양을 광고나 홍보 포스터 등에 사용했다가 '남성혐오' 논란이 휩싸인 기업들이 잇따라 머리를 숙이면서 오히려  젠더갈등에 기름을 부었다는 지적이다.일부 몰지각한 남성들의 일방적 트집잡기에 너무 쉽게 사과하면서 되레 백래시를 확산시켰다는 지적이다. 기업은 소비자들의 오해를 불식하기 위한 대응이었을 뿐이란 입장이나 이같은 사과가 그들의 주장을 정당화했다는 비난이 나온다.대한민국 페미니즘 운동의 도화선이 된 ’강남역 살인사건‘과 2017년 MeToo 운동 이후 5년간 축적된 젠더갈등은 백래시와 부딪치며 더욱 거세지고 있다. 백래시는 사회·정치적 진보적인 변화에 대해 반발하는 심리나 집단행동이다.여성 인권 운동인 페미니즘에 대한 백래시로 온라인 상에서 '페미'는 부정적인 의미로 사용되며 일각에서는 남성 혐오와 동일시하는 시선마저 존재한다.대표적으로 지난 5월부터 일부 남성 커뮤니티 중심으로 특정 용어 혹은 손모양 사용 유무로 ’페미니즘‘ 검증을 시도하는 모습이 나타났다. 이같은 흐름에 휩쓸려 GS리테일, 스타벅스 등 기업뿐만 아니라 정부기관인 국립 전쟁기념관까지 ’집게손 모양'을 사용했다는 이유만으로 비난 여론에 떠밀려 고개를 숙였다.조윤성 GS리테일 사장은 가맹점주 게시판에 사과문을 게시하며 관련 논란에 대해 ""저를 포함한 관련자 모두 철저한 경위를 조사하고 사규에 따라 합당한 조치를 받겠다""고 약속했다. 이어 ""모든 책임은 저에게 돌려주시고, 신속한 사태 수습과 고객 신뢰 회복을 위해 최선을 다하겠다""라고 전했다.“잘못된 페미 유의해야” VS “실체 없는 위협에 사로잡혀 ” 대학교 3학년인 이준한씨(가명 남·22). 그는 평소 젠더 갈등에 대해 일부 극단적인 사람과 단체들간의 문제라고 생각해 왔다.  하지만 최근 일부 표식이나 표현들로 인해 불필요한 젠더 갈등을 유발하는 것은 문제가 있다고 본다고 했다.“사실 저도 이전까지는 집게 손 모양이 극단적인 페미를 뜻하는 지는 몰랐어요. 근데 저 손 모양이 잘못된 페미니즘 사상을 옹호한다면 유의해야한다고 생각합니다.”이씨는 카카오가 ‘허버허버’라는 문구가 들어간 이모티콘 판매를 중단한 것도 이해할 수 있는 부분이라고 했다. 카카오 지난 4월,  일부 남성 커뮤니티의 이용자들의 반발을 이유로 ‘허버허버’라는 문구가 들어간 이모티콘을 판매 중지했다.'허버허버'는 '허겁지겁 무언가를 하다'는 의미의 신조어다. 당초 처음 사용됐을 때는 별다른 의미가 없었지만 일부 남성 커뮤니티 이용자들이 남성 혐오 표현이라고 주장하면서 논란의 대상이 됐다.이 씨는 ""해당 단어 자체가 문제라고 생각하지는 않는다""면서도 ""다만 ’한남충’ 등 혐오표현에 대한 반감으로 이런 과도한 반응이 나온 것 같다. 배경을 생각하면  이런 반응이 이해가 되기는 한다""고 말했다.직장인 박혜민 씨 (여 ·26) 는 “그들이 말하는 ‘잘못된 페미니즘’은 메갈리아를 말하는 것 같은데 해당 사이트는 이미 2017년에 폐쇄됐다”라며 “일부 남성들은 과거의 기억에 사로잡혀 실체가 없는 위협을 느끼는 것 같다""고 말했다.박 씨는 이어 “이제는 생산성 있는 논의를 해야 한다. 실체 없는 무의미한 사실을 두고 논쟁을 벌이는 것은 아무 도움도 되지 않는다""라고 덧붙였다,취업 준비생 최가은 씨 (여·24)는 “여전히 일부 기사에는 된장녀, 명품녀, 김치녀 등의 용어가 보인다. 웅앵웅, 오조오억 등 출처가 불확실한 용어들을 걸고 넘어지기보다는 이런 명백한 혐오 표현부터 규제해야한다""고 목소리를 높였다.도쿄올림픽 양궁 금메달 3관왕 안산 선수는 자신의 SNS에서 '웅앵웅' 등의 단어를 사용했다가 일부 남성들로부터 ‘남혐(남성 혐오) 표현을 사용했다며 댓글 테러를 당하기도 했다.최 씨는 “결국 가상의 ‘페미‘를 두려워해서 벌어진 일""이라며 ""페미니즘이 추악한 여성우월주의, 혐오주의라는 오해를 버려야 한다. 그저 성평등 운동일뿐""이라고 말했다.그는 "" 페미인지 아닌지 해명을 하라는 요구도 이해가 되지않는다. 그들만의 망상으로 누구를, 어디까지 검열할 것인지 궁금하다”고 덧붙였다. '메갈 손가락' 모양으로 비난받은 기업들이다사과가 백래시 키웠다는 비난에 기업들 진퇴양난 기업들이 일부 남성들의 목소리를 들어 준 것이 오히려 젠더 갈등을 키웠다는 비난의 목소리도 나온다.최근 백래시 규탄시위를 펼친 단체 '해일'의 김주희 대표는  ""이들의 목소리에 반응을 한 것이 결국 페미니즘을 매도하고 억압하려는 남성들의 혐오발언을 키웠다""라고 강조하며 ""이전 기업들의 반응 때문에 이들이 안산 선수를 향해서까지 사이버 테러를 감행한 것이다""라고 말했다.GS리테일 측은 논란 후 해당 포스터를 제작한 디자이너는 징계를 받았고 GS25 마케팅팀장 역시 다른 부서로 발령했다.이후 6월에 조윤성 사장은 편의점사업부장에서 물러났고 한 달 후 사내이사에서 사임했다.  다만 GS리테일은 해당 조치는 논란과는 관련이 없다고 해명했다. 한국여성정치연구소 김은주 소장은 '남혐' 주장에 기업 및 공공기관이 사과한 것은 여성의 자기권리 주장과 여성에 대한 차별에 대한 권리 주장을 남성혐오로 왜곡하는 행위에 대해서 인정해주는 꼴""이라고 지적했다.김 소장은 ""기업은 (그들의 주장을) 합리화해주는 것이 아니라,  잘못됐다고 정당하게 문제 지적을 했어야 했다""며 ""기업의 이미지 훼손 등에 대해 회피하고자 했겠지만 소비자의 절반이 여성인데 왜 그런 결정을 했는지 의문""이라고 말했다.기업들이 남성혐오 논란에 대해 곧바로 사과한 것은 대해 당연한 선택이라는 목소리도 들린다. 기업으로서는 불매운동을 하겠다는 으름장에 취약할 수 밖에 없기 때문이다.GS리테일 관계자는 ""해당 일로 (기업은) 정말 많은 홍역을 겪었다. 이슈화돼서 문제가 발생하는 것에 대비해 회사는  초기 사과를 통해 대응하고자 했지만 결국 양쪽에서 모두 매도 당했다""고 하소연했다.스냅타임 박서윤 기자"
2021.09.21.,"백신 안 맞은 578만명, '모더나' 맞는다…30일까지 예약가능",https://n.news.naver.com/mnews/article/008/0004647442?sid=102,"모더나아직 코로나19(COVID-19) 백신 예방접종을 신청하지 않은 578만여명에 대한 접종은 10월1일부터 모더나 백신으로 진행된다.18세 이상 인구의 마지막 국가 예방접종 기회가 될 이번 사전예약률은 아직 0.8%다. 예약은 이달 30일 오후 6시까지다.21일 코로나19 예방접종대응추진단에 따르면 18세 이상(주민등록상 2003년 12월31일 이전 출생자) 1차 미접종·미예약자와 예약 취소자는 이날 0시 기준 577만6556명이다. 이들 가운데 지난 18일 오후 6시부터 사전예약한 인원은 약 0.8%인 4만4528명이다.미접종자는 연령대별로는 50대가 1만5299명(1.8%)으로 가장 많았고 20대 8193명(0.7%), 30대 6694명(0.5%), 60대 6257명(1.1%), 40대 5814명(0.5%), 70대 1291명(0.5%), 18세 이상 10대 742명(0.7%), 80대 이상 238명(0.1%) 등이다.추진단은 '미접종자는 전체 접종대상자 접종 이후 마지막 순위로 조정한다'는 원칙에 따라 10월1일부터 16일까지 추가 예방접종을 진행한다.10월1일부터 접종할 백신은 모더나 백신이며 위탁의료기관에서 접종이 이뤄진다. 건강보험 미가입자는 예방접종센터를 통해서만 접종이 가능하다. 백신 수급 상황에 따라 mRNA(화이자-바이오엔테크·모더나) 백신 중에서 변경될 수 있으나 이 경우 개별 안내한다는 방침이다. 예약 기간은 18일 오후 8시부터 30일 오후 6시까지다. 단, 위탁의료기관까지 백신 운송 등 일정을 고려했을 때 10월1일부터 접종을 원한다면 22일 오후 6시까지는 예약을 마쳐야 한다. 23일 오후 8시부터 예약할 때는 가장 빠른 접종 일자가 10월11일이다.사전예약은 코로나19 예방접종 사전예약 시스템에서 진행된다. 스스로 예약이 어려운 고령층이나 외국인 등은 보호자가 대리 예약할 수도 있다. 사전예약과 관계없이 위탁의료기관이나 예방접종센터 잔여백신으로 1·2차 접종도 가능하다. 네이버·카카오 앱 등 SNS 당일 신속 예약서비스나 의료기관에 개별 연락해 예비명단에 이름을 올리면 된다."
2021.09.21.,"추석 연휴, '나홀로집족' 외로움 달래는 1+1 메뉴",https://n.news.naver.com/mnews/article/003/0010730277?sid=101,"[서울=뉴시스] 김동현 기자 = 사회적 거리두기 강화가 지속되면서 올해 추석에도 고향 방문 대신 집콕 연휴를 계획하는 사람들이 많았을 것으로 예상된다. 혼자 보내는 명절의 외로움을 조금이나마 달래기 위해 맛있는 음식을 찾아보지만, 혼자서 여러가지 메뉴를 먹는 것이 어려워 고민했던 경험은 누구나 있을 것이다. 이번 추석, '나홀로 연휴'를 보내고 있다면 식품업계의 1+1 메뉴를 주목해보는 것은 어떨까. 두 가지 베스트 맛을 한 개 파인트에 담은 프리미엄 아이스크림 브랜드 벤앤제리스의 '하프 베이크드'부터, 두 개 브랜드의 협업을 통해 탄생한 피자헛의 '팔불출 피자'까지 맛은 더하고 외로움은 달래 줄 이색 1+1 메뉴를 추천한다.최고 인기 맛 2가지를 한 입에 벤앤제리스 '하프 베이크드'벤앤제리스의 '하프 베이크드' 제품에는 브랜드 최고 인기 맛 두 가지, '초콜릿 칩 쿠키 도우'와 '초콜릿 퍼지 브라우니'가 담겼다. 달콤 짭조름한 쿠키 도우의 식감과 브라우니가 통째로 들어간 초코 아이스크림의 꾸덕함이 완벽하게 어우러져 극강의 달콤함을 느낄 수 있다. 두 가지 맛이 모두 궁금하지만, 혼자서 파인트 두 개를 한꺼번에 사는 것은 부담스러웠던 나홀로 족에게 제격이다. 벤앤제리스는 전국 GS25와 CU 등 오프라인 매장 및 네이버 브랜드 스토어, 카카오 선물하기, 쿠팡, SSG.COM, 배민B마트, 띵굴마켓, 마켓컬리 등 온라인 총 7개 채널에서 구매할 수 있다. 국내 론칭 2주년을 기념해 9월까지 오프라인 채널 1+1, 온라인 채널 30% 할인 이벤트도 진행 중이다. 이 외에도 서울과 경기, 인천, 창원 등 전국 42개의 배달 전문 매장 DV점에서도 벤앤제리스를 만나볼 수 있으며, 구매 고객 전원을 대상으로 '쿠키 카니발' 미니컵을 무료로 증정하는 이벤트도 진행 중이다. DV점 주문은 요기요, 배달의 민족, 쿠팡이츠를 통해서 가능하다. 한국인이 사랑하는 K-메뉴 콜라보 끝판왕 피자헛 '팔불출 피자'이색 배달 메뉴를 찾는 이들에게는 피자헛이 팔도의 '비빔면'과 협업해 출시한 '팔불출 피자'를 추천한다. 달큰한 맛과 팔도 비빔면 비빔장 소스가 조합된 매콤달달한 피자다. 소스만 따로 판매될 만큼 많은 소비자들의 사랑을 받고 있는 팔도 비빔장과 피자헛의 불고기 피자가 만나 '감칠맛 끝판왕'이 탄생했다는 평이다. 피자헛은 9월까지 신메뉴 출시를 기념해 25% 할인 등 다양한 프로모션을 진행 중이다. 단짠 레시피가 메뉴로··· 이디야커피 '포스틱 밀크쉐이크'감자튀김을 밀크쉐이크에 찍어 먹는 조합은 이제 아마추어 먹방러들도 모두 알고 있는 대표 단짠 레시피다. 혼자서 감자튀김과 밀크쉐이크를 모두 주문해서 먹기가 부담스럽다면 이디야커피의 '포스틱 밀크쉐이크'를 먹어보는 것은 어떨까. '포스틱 밀크쉐이크'는 이디야커피와 농심 '포스틱' 제품의 콜라보 메뉴로, 이디야커피의 '오리진 쉐이크'에 치즈 소스를 곁들여 '포스틱'을 찍어 먹는 메뉴다. 달콤하고 부드러운 오리진 쉐이크와 짭짤하고 바삭한 감자튀김 스낵인 포스틱의 완벽한 '단짠' 조합이 특징이다. 이디야커피는 신메뉴를 포함한 제조 음료 5잔을 마시면 참여할 수 있는 럭키박스 이벤트도 경품 소진 시까지 진행 중이다．"
2021.09.21.,원가상승 부담 컸지만..양극화 보인 과자업계,https://n.news.naver.com/mnews/article/018/0005042198?sid=101,"<하반기 식품사 투자전략은> ④제과 및 제빵오리온 국내말고 해외에서만 가격 인상롯데제과·SPC삼립, 국내 가격인상 효과 3분기 기대식음료 상장사는 올해 상반기 고난한 시기를 보냈다. 원가 상승과 지난해 호황의 기저 효과가 아팠다. 3분기 결산을 앞둔 시점에서 종합식품과 제과·제빵, 음료·주류 회사의 2분기 실적을 돌아보고 하반기 투자 포인트를 짚어봤다.[이데일리 전재욱 기자] 제과 및 제빵 업계는 밀가루와 팜유 가격 상승으로 원가 부담이 오르는 악재를 견뎌야 했다. 한계에 다다른 기업들이 결국 출고가를 올리는 방편을 쓸 수밖에 없었었다.개중에 오리온은 국내에서 제품 가격 8년째 동결해 주목받았고 해외 법인의 출고가를 인상해 부담을 덜었다.오리온 연중 주가 흐름.(자료=구글)◇오리온오리온(271560) 2분기 영업이익(연결) 551억원으로 전년보다 36% 하락해 시장 전망치를 밑돌았다. 한국과 베트남, 러시아는 매출이 전반적으로 늘었지만 중국 매출이 14% 줄어든 영향이 컸다.하반기를 두고 대신증권은 “이달부터 중국 파이매출의 70% 차지하는 4종의 가격을 최대 10% 올렸는데, 가격 인상이 11년 만인 데다가 경쟁사도 동참한 상태라 가격 저항은 크지 않다”며 “내달 러시아도 7% 가격이 올라 이익이 개선하는 등 중국과 러시아 가격 인상 효과가 4분기 두드러질 것”이라고 전망했다.그러면서 올해 매출과 영업익이 전년보다 6.3%와 1.4% 증가한 2조3700억원과 3820억원을 기록할 것이라고 내다봤다. 유안타증권은 매출과 영업익이 8%와 6% 늘어나리라고 더 긍정적으로 보고 있다.롯데제과 연중 주가 흐름.(자료=구글)◇롯데제과롯데제과(280360) 2분기 연결 실적에서 매출은 작년보다 2.4% 늘어난 5091억원, 영업익은 같은 기간 2.5% 줄어든 248억원이다. 시장 전망치에는 약간 미치지 못한 실적이다.국내외로 구분해보면 국내는 매출과 영업익이 전년보다 1.4%와 15% 각각 감소한 3832억원과 202억원을 기록했으나, 해외에서 전년 동기보다 매출과 영업익이 17%와 75% 증가한 1380억원과 75억원을 내어 만회했다.전반적으로는 건과와 빙과 매출이 상대적으로 부진했고 해외 법인이 부정적 환율 효과에 노출된 데다가 국내외에서 원가 상승 부담을 받았다.대신증권은 롯데제과 하반기를 두고 “3분기는 매출과 영업익이 전년보다 4%와 20% 늘어난 5802억원과 575억원을 내어 시장 전망치를 웃돌 것”이라고 기대하고 있다. △빙과 매출이 이익으로 이어지고 △상반기 국내외 가격 인상 효과가 반영되며 △인도와 카자흐스탄, 벨기에 등 해외 법인 실적이 뒷받침하리라고 전망하고 있다.카카오페이증권도 “하반기는 국내 껌과 캔디 시장이 회복하고 스낵과 디저트 등 건과 매출이 늘어날 것으로 기대된다”고 진단하고 있다.SPC삼립 연중 주가 흐름.(자료=구글)◇SPC삼립SPC삼립(005610)은 2분기 매출과 영업익이 전년 동기보다 16%와 57% 각각 증가한 7149억원과 146억원을 기록해 시장전망치에 대체적으로 들어맞았다. 베이커리와 푸드가 7%와 11% 넘게 성장하면서 성장세를 이끌었다. 계란 가격 인상이 부담이었지만 밀가루와 육가공 사업 실적이 개선하며 상쇄했다. 점포와 휴게소 사업은 영업적자를 축소했으나 유통 및 물류 부문은 비용 증가로 이익이 줄었다.키움증권은 하반기 실적을 두고 “백신 접종률이 상승하면 외식 수요가 회복하고 베이커리 사업 구조가 개선할 것”이라며 “원재료 단가가 상승돼 부담이지만 가격을 올리고 믹스를 개선하면 극복할 수 있어서 긍정적”이라고 봤다.대신증권은 “가평 휴게소 영업손실이 올해와 내년 86억원과 57억원으로 추정되지만 트래픽이 보장된 사업이라서 업황이 회복되면 빠르게 이익이 올라올 것”이라고 분석했다."
2021.09.21.,"'패배자 새X' '씨X새X""…비판 영상 올린 개그맨에 전화로 욕설한 與청년대변인",https://n.news.naver.com/mnews/article/009/0004854878?sid=100,"윤 캠프 측 ""경질 출당해야 ""하헌기 ""부적절, 반성 중""민주당 하헌기 청년대변인 [사진 = 하헌기 부대변인 SNS 캡처]하헌기 더불어민주당 청년대변인(상근 부대변인)이 자신을 비판한 개그맨에게 전화를 걸어 욕설이 담긴 막말을 쏟아낸 것으로 알려져 논란이 일고 있다. 윤석열 캠프는 즉시 해당 청년대변인의 경질과 출당을 촉구했다.21일 조선일보 보도에 따르면, 하헌기 청년대변인은 이달 초 다른 사람의 전화기를 사용해 개그맨 윤정섭 씨에게 전화를 걸어 ""씨X새X, 패배자 새X"" 등 욕설을 했다. 윤 씨는 현재 SNS와 TBN 등에서 개그맨 겸 리포터로 활동 중이며, 유튜브 채널 '캡틴TV'를 운영하고 있다.갈등은 지난달 31일 하 청년대변인이 한 주간지에 기고한 '극우 유튜버의 구속, 왜 유튜브는 가만히 있을까' 칼럼이 발단이 된 것으로 전해졌다. 하 청년대변인은 유튜브에서 벌어지는 명예훼손·모욕 등 범죄에 대해 운영사인 유튜브에도 책임을 물어야 한다는 내용을 담은 이 글을 기고하면서 고(故) 박원순 전 서울시장 재임 시절 서울시와 기타리스트 신대철 씨 간 유착 의혹을 제기한 유튜버 최일환 씨의 사진을 함께 게재했다.해당 사건은 수사가 진행 중이다. 그런데 '구속된 유튜버'에 대한 칼럼을 쓰면서 피고소인 신분인 최 씨에 대해서도 문제를 삼은 것이다.이에 대해 개그맨 윤 씨는 지난 3일 인터넷 영상을 통해 과거 최 씨로부터 비판을 당한 하 청년대변인이 자신과 친한 언론사를 이용해 개인의 앙갚음을 한 것이라는 취지의 발언을 했고, 얼마 지나지 않아서 하 청년대변인으로부터 욕설 전화를 받았다고 주장했다.하 청년대변인은 연합뉴스와 통화에서 ""공적인 발언이 아닌 사적인 이야기였지만, 욕설을 하는 것 자체가 부적절했다. 반성하고 있다""라고 밝혔다. 다만 윤 씨에 대해선 ""개그맨이 아닌 보수 유튜버이고, 제가 '헬마우스' 유튜브채널을 운영할 때부터 조금씩 분쟁이 있었다""라며 ""페이스북, 카카오톡 등 개인 SNS를 통해 지속적으로 스토킹 수준의 괴롭힘을 당했고, 그만하라는 취지로 전화를 걸었던 것""이라고 주장했다.윤석열 캠프에서 해당 청년대변인의 경질과 출당을 촉구했다. 윤 캠프의 김인규 부대변인은 21일 논평을 통해 ""민주당은 욕설을 뱉은 청년대변인을 즉각 경질하고 출당하라""라고 요구했다.김인규 부대변인은 ""지난달부터 민주당 청년대변인으로 활동해 온 하헌기 씨가 자신을 비판한 개그맨에게 전화를 걸어 욕설과 막말을 퍼부었다고 한다. 이런 폭언은 녹취를 통해 고스란히 확인할 수 있다""라며 ""민주당의 한 초선 의원은 언론중재법안 처리 문제와 관련해 여당과 다소 다른 입장을 나타낸 박병석 국회의장을 겨냥해 'GSGG'라는 표현으로 욕을 해서 물의를 빚은 바 있다""고 꼬집었다.김 부대변인이 언급한 민주당 초선 의원은 김승원 의원이다. 김 의원은 지난달 31일 새벽 언론중재법 상정 불발을 놓고 페이스북에 ""박병석∼∼ 정말 감사합니다. 역사에 남을 겁니다. GSGG""라고 썼다. 'GSGG'라는 문구를 놓고 '개XX'라는 욕을 알파벳으로 표현한 것 아니냐는 논란이 일자 김 의원은 해당 문구를 삭제한 뒤 공개 사과했다.김 부대변인은 ""여당에서는 욕설과 막말을 잘하면 출세한다는 문화가 있는지 몰라도 듣는 국민들의 마음은 매우 불편할 것""이라며 ""민주당이 국민의 이런 마음을 헤아린다면 하 부대변인을 당장 청년대변인 자리에서 물러나게 하고 출당시켜야 할 것""이라고 강조했다."
2021.09.21.,상반기 마통 65만개 뚫었다···새로 나간 대출은 23조,https://n.news.naver.com/mnews/article/032/0003099183?sid=101,"[경향신문] 지난 달 30일 오후 서울의 한 시중 은행 창구 모습. 연합뉴스올해 상반기 국내 17개 은행(19개 은행 중 수출입·중소기업은행 제외)에서 마이너스통장(마통)이 65만개 개설돼 23조원의 대출이 새로 나간 것으로 나타났다.21일 국회 정무위원회 소속 더불어민주당 전재수 의원이 금융감독원에서 받은 자료에 따르면, 올해 1∼6월에 새로 개설된 마통 대출 계좌는 총 65만3000건이었다.연령별로 보면 30대와 40대가 각각 19만8000개의 마통 계좌를 새로 만들었고, 50대가 13만9000개의 마통 계좌를 새로 뚫었다. 이어 60대 이상 5만8000개, 20대 이하 6만1000개 순이었다.올 1∼6월에 마통 대출로 새로 나간 금액(신규 취급액·한도금액 기준)은 23조3000억원이었다. 연령별로는 30대가 7조8000억원으로 가장 많았고, 40대가 7조5000억원으로 뒤를 이었다. 이어 50대 4조9000억원, 20대 이하 1조9000억원, 60대 이상 1조2000억원 순이었다. 상반기에도 마통 대출을 받는 수요가 줄지 않으면서, 올해 6월말 기준 국내 17개 은행의 마통 대출 잔액(차주가 한도금액 내에서 실제로 이용 중인 금액)은 60조원을 돌파했다.마통 대출 잔액은 2017년 말 45조1000억원, 2018년 말 49조4000억원, 2019년 말 51조7000억원, 2020년 말 58조원, 올해 6월말 60조8000억원으로 계속 증가하고 있다. 다만 마통 대출 계좌 수는 작년 말 최대치를 찍은 뒤 다소 줄어들었다. 마통 대출 계좌는 2017년 말 462만8000건, 2018년 말 468만9000건, 2019년 말 478만건, 2020년 말 493만9000건으로 계속 늘다가 올해 6월 말 기준 491만6000건으로 소폭 줄었다. 최근 주요 은행들은 금융당국의 가계대출 증가율 억제 기조에 발맞춰 마통 대출 한도를 대폭 줄였다. KB국민·신한·하나·우리·NH농협 등 5대 은행의 마통 한도는 최대 5000만원으로 축소됐고, 카카오뱅크는 최대 3000만원으로 낮췄다."
2021.09.21.,미접종 577만명은 10월 모더나로…사전예약률 0.8%(종합),https://n.news.naver.com/mnews/article/003/0010730577?sid=102,"기사내용 요약30일 오후 6시까지 미접종자 사전예약 진행10월1일부터 희망한다면 내일까지 예약해야""10월 미접종자 사전예약 다시 열 계획 없어""[서울=뉴시스] 추상철 기자 = 추석 연휴 전 1차 접종률 70% 목표 달성을 앞둔 17일 오전 서울 서대문구 북아현체육문화센터에 마련된 코로나19 백신예방접종센터에서 백신 접종자들이 이상반응 모니터링을 위해 대기하고 있다. 2021.09.17. scchoo@newsis.com[세종=뉴시스] 임재희 기자 = 아직 코로나19 예방접종을 신청하지 않은 577만여명 대상 접종이 10월1일부터 모더나 백신으로 진행된다.18세 이상 인구의 마지막 국가 예방접종 기회가 될 이번 사전예약률은 아직 0.8%로, 예약은 이달 30일 오후 6시까지다.21일 코로나19 예방접종대응추진단에 따르면 18세 이상(주민등록상 2003년 12월31일 이전 출생자) 1차 미접종·미예약자와 예약 취소자는 이날 0시 기준 577만6556명이다.이들 가운데 지난 18일 오후 6시부터 사전예약한 인원은 약 0.8%인 4만4528명이다.연령대별로는 50대가 1만5299명(1.8%)으로 가장 많았고 20대 8193명(0.7%), 30대 6694명(0.5%), 60대 6257명(1.1%), 40대 5814명(0.5%), 70대 1291명(0.5%), 18세 이상 10대 742명(0.7%), 80대 이상 238명(0.1%) 등이다.60세 이상 고령층의 경우 전체 대상자의 91.7%가 1차 접종을 받고 86.6%는 권장 횟수를 모두 접종 완료했지만 코로나19 감염 시 중증 입원 등 건강 상태가 악화될 가능성이 높아 백신을 통한 감염과 중증 예방이 필요하다.50대 이하 연령층도 중증 악화 위험은 존재하며 활동량 등을 고려했을 때 감염 시 다른 사람으로 전파될 가능성이 있다.이에 추진단은 '미접종자는 전체 접종대상자 접종 이후 마지막 순위로 조정한다'는 원칙에 따라 10월1일부터 16일까지 추가 예방접종을 진행한다.10월1일부터 접종할 백신은 모더나 백신이며 위탁의료기관에서 접종이 이뤄진다. 건강보험 미가입자는 예방접종센터를 통해서만 접종이 가능하다.추진단 관계자는 ""(미접종자 신규 예방접종은) 모더나 백신으로 접종 예정""이라며 ""수급 상황에 따라 mRNA(화이자-바이오엔테크·모더나) 백신 중에서 변경될 수 있으며 이 경우 개별 안내할 예정""이라고 설명했다.예약 기간은 18일 오후 8시부터 30일 오후 6시까지다. 단, 위탁의료기관까지 백신 운송 등 일정을 고려했을 때 10월1일부터 접종을 원한다면 22일 오후 6시까지는 예약을 마쳐야 한다. 23일 오후 8시부터 예약할 때는 가장 빠른 접종 일자가 10월11일이다.추진단이 18세 이상 미접종자에게 신규로 예방접종을 진행하는 건 이번이 마지막이 될 가능성이 높다.  홍정익 추진단 접종관리팀장은 20일 ""지금까지의 계획으로는 9월30일까지 사전예약을 종료하고 10월에 다시 예약을 열 계획을 하고 있지 않다""며 ""10월1일부턴 9월30일까지 예약하신 분들이 접종한 후에 전체적인 접종 상황과 필요성을 검토해 필요하다면 고려하겠지만 지금은 미접종자 예약을 10월에 다시 열 계획은 없다""고 말했다.사전예약은 코로나19 예방접종 사전예약 시스템(ncvr.kdca.go.kr)에서 진행된다. 스스로 예약이 어려운 고령층이나 외국인 등은 보호자가 대리 예약할 수도 있다.사전예약과 관계없이 위탁의료기관이나 예방접종센터 잔여백신으로 1·2차 접종도 가능하다. 네이버·카카오 앱 등 SNS 당일 신속 예약서비스나 의료기관에 개별 연락해 예비명단에 이름을 올리면 된다."
2021.09.21.,원가상승 부담 컸지만..양극화 보인 과자업계,https://n.news.naver.com/mnews/article/018/0005042198?sid=101,"<하반기 식품사 투자전략은> ④제과 및 제빵오리온 국내말고 해외에서만 가격 인상롯데제과·SPC삼립, 국내 가격인상 효과 3분기 기대식음료 상장사는 올해 상반기 고난한 시기를 보냈다. 원가 상승과 지난해 호황의 기저 효과가 아팠다. 3분기 결산을 앞둔 시점에서 종합식품과 제과·제빵, 음료·주류 회사의 2분기 실적을 돌아보고 하반기 투자 포인트를 짚어봤다.[이데일리 전재욱 기자] 제과 및 제빵 업계는 밀가루와 팜유 가격 상승으로 원가 부담이 오르는 악재를 견뎌야 했다. 한계에 다다른 기업들이 결국 출고가를 올리는 방편을 쓸 수밖에 없었었다.개중에 오리온은 국내에서 제품 가격 8년째 동결해 주목받았고 해외 법인의 출고가를 인상해 부담을 덜었다.오리온 연중 주가 흐름.(자료=구글)◇오리온오리온(271560) 2분기 영업이익(연결) 551억원으로 전년보다 36% 하락해 시장 전망치를 밑돌았다. 한국과 베트남, 러시아는 매출이 전반적으로 늘었지만 중국 매출이 14% 줄어든 영향이 컸다.하반기를 두고 대신증권은 “이달부터 중국 파이매출의 70% 차지하는 4종의 가격을 최대 10% 올렸는데, 가격 인상이 11년 만인 데다가 경쟁사도 동참한 상태라 가격 저항은 크지 않다”며 “내달 러시아도 7% 가격이 올라 이익이 개선하는 등 중국과 러시아 가격 인상 효과가 4분기 두드러질 것”이라고 전망했다.그러면서 올해 매출과 영업익이 전년보다 6.3%와 1.4% 증가한 2조3700억원과 3820억원을 기록할 것이라고 내다봤다. 유안타증권은 매출과 영업익이 8%와 6% 늘어나리라고 더 긍정적으로 보고 있다.롯데제과 연중 주가 흐름.(자료=구글)◇롯데제과롯데제과(280360) 2분기 연결 실적에서 매출은 작년보다 2.4% 늘어난 5091억원, 영업익은 같은 기간 2.5% 줄어든 248억원이다. 시장 전망치에는 약간 미치지 못한 실적이다.국내외로 구분해보면 국내는 매출과 영업익이 전년보다 1.4%와 15% 각각 감소한 3832억원과 202억원을 기록했으나, 해외에서 전년 동기보다 매출과 영업익이 17%와 75% 증가한 1380억원과 75억원을 내어 만회했다.전반적으로는 건과와 빙과 매출이 상대적으로 부진했고 해외 법인이 부정적 환율 효과에 노출된 데다가 국내외에서 원가 상승 부담을 받았다.대신증권은 롯데제과 하반기를 두고 “3분기는 매출과 영업익이 전년보다 4%와 20% 늘어난 5802억원과 575억원을 내어 시장 전망치를 웃돌 것”이라고 기대하고 있다. △빙과 매출이 이익으로 이어지고 △상반기 국내외 가격 인상 효과가 반영되며 △인도와 카자흐스탄, 벨기에 등 해외 법인 실적이 뒷받침하리라고 전망하고 있다.카카오페이증권도 “하반기는 국내 껌과 캔디 시장이 회복하고 스낵과 디저트 등 건과 매출이 늘어날 것으로 기대된다”고 진단하고 있다.SPC삼립 연중 주가 흐름.(자료=구글)◇SPC삼립SPC삼립(005610)은 2분기 매출과 영업익이 전년 동기보다 16%와 57% 각각 증가한 7149억원과 146억원을 기록해 시장전망치에 대체적으로 들어맞았다. 베이커리와 푸드가 7%와 11% 넘게 성장하면서 성장세를 이끌었다. 계란 가격 인상이 부담이었지만 밀가루와 육가공 사업 실적이 개선하며 상쇄했다. 점포와 휴게소 사업은 영업적자를 축소했으나 유통 및 물류 부문은 비용 증가로 이익이 줄었다.키움증권은 하반기 실적을 두고 “백신 접종률이 상승하면 외식 수요가 회복하고 베이커리 사업 구조가 개선할 것”이라며 “원재료 단가가 상승돼 부담이지만 가격을 올리고 믹스를 개선하면 극복할 수 있어서 긍정적”이라고 봤다.대신증권은 “가평 휴게소 영업손실이 올해와 내년 86억원과 57억원으로 추정되지만 트래픽이 보장된 사업이라서 업황이 회복되면 빠르게 이익이 올라올 것”이라고 분석했다."
2021.09.21.,은행 비대면대출 잔액 111조… 3년 반 새 2.8배↑,https://n.news.naver.com/mnews/article/056/0011124004?sid=101,"온라인으로 간편하게 돈을 빌릴 수 있는 은행 비대면 대출이 꾸준히 늘어 111조 원을 넘어섰습니다. 국회 정무위원회 더불어민주당 민형배 의원이 금융감독원에서 받은 자료를 보면 올 6월 말 기준 국내 18개 은행의 비대면대출 잔액은 111조 7,828억 원이었습니다. 2017년 말 기준 39조 4,093억 원의 2.8배 수준입니다. 같은 기간 건수 기준으로는 180만 건에서 579만 건으로 3년 반 새 221% 늘었습니다. 은행별로 비대면대출 잔액이 가장 많은 곳은 인터넷은행인 카카오뱅크(23조 1,265억 원)였습니다. 이어 하나은행(22조 5,726억 원), 우리은행(21조 5,680억 원) 순이었습니다. 이중 대출 접수부터 실행까지 모두 비대면으로만 진행되는 완전 비대면대출은 올 상반기 기준 95조 7,414억 원으로 전체의 85.6%를 차지했습니다.[사진 출처 : 게티이미지]"
2021.09.21.,국내선 잠자는 플랫폼 규제…미국은 애플·구글 제재 본격화,https://n.news.naver.com/mnews/article/032/0003099169?sid=101,"[경향신문] 자료사진온라인 플랫폼 기업의 급성장은 전 세계적으로 짙고 긴 그림자를 남겼다. 골목 상권을 죽이는 문어발식 사업 확장부터 플랫폼 노동자의 불안정한 고용 환경 문제, 자사 자체브랜드에 검색 특혜를 주는 자사우대까지 곳곳에서 부작용이 속출했다. 정치권과 경쟁 당국이 잇달아 규제 강화를 예고한 상황이지만 정작 지난해 공정거래위원회가 정부안으로 제출한 플랫폼법은 국회에서 별다른 논의 없이 잠자고 있다. 미국은 최근 플랫폼을 바라보는 기류가 바뀌었다. 플랫폼에 대한 규제에 상대적으로 미온적이었던 데서 무분별한 경제 활동에 제재를 가해야 한다는 분위기가 형성된 것이다. 지난 6월 미 하원 양당은 초당적으로 빅테크 기업의 경제력 집중을 막는 패키지 법안을 내놓았다. 이 법안을 중심으로 국내 시장에 주는 시사점을 살펴봤다.■플랫폼사 ‘자사우대’ 행위 금지…신생플랫폼 시장 진입 위해 데이터 이동 보장지난해 10월 미국 하원 법사위 반독점소위가 발표한 ‘디지털 시장에서의 경쟁과 법집행에 관한 조사 보고서’는 플랫폼 기업에 대한 규제 시작을 알리는 첫 신호탄이었다. 보고서는 ‘GAFA’로 불리는 4개 기업 구글·아마존·페이스북·애플이 잠재적 경쟁 사업자를 무분별하게 인수합병하고 검색어 서비스 등에서 자사 기업에 특혜를 줘 시장 경쟁을 위축 시킨다는 점을 신랄하게 비판했다. 거대 플랫폼 기업이 지배력을 남용해 혁신을 저해하고 언론의 기능을 훼손한다는 점도 문제로 삼았다.하원 양당은 이 보고서를 토대로 지난 6월 5개 법안으로 구성된 패키지법을 공동 발의했다. 이중 ‘미국 온라인 시장 선택과 혁신 법률’은 한국에서도 이미 문제로 드러난 플랫폼 기업의 ‘자사우대’ 행위를 규제하는 내용이다. ‘자사우대’란 네이버·구글 등 플랫폼 사업자가 자사플랫폼을 이용하는 판매자들과 경쟁할 때 자사 상품이나 서비스를 경쟁사의 상품·서비스 보다 노출 등에서 유리하게 만드는 행위를 뜻한다. 법안은 자사우대를 불법으로 규정한 뒤 어떤 것이 금지되는 차별 행위인지를 구체적으로 나열했다. 이에 따르면 플랫폼 운영 중 획득한 비공개 데이터를 이용해서 자사 상품을 노출하거나 선탑재 어플리케이션을 삭제하지 못하게 하는 행위가 모두 불법이다.‘서비스 전환 활성화를 통한 경쟁과 호환성 증진 법률’은 플랫폼 이용자가 다른 플랫폼으로 이동할 때 그간 축적한 데이터를 손쉽게 이동하도록 보장하는 내용이다. 예를 들어 싸이월드 이용자가 인스타그램 등 다른 사회관계망서비스(SNS)로 이동하려 할 때 그간 싸이월드에 저장한 자료가 이동이 어렵다면 다른 SNS를 쓰기가 주저될 수밖에 없다. 자료 호환이 쉬워야 신생 플랫폼이 시장 진입이 수월해진다. 이에 법안은 경쟁 사업자와의 자료 호환을 위해 투명한 인터페이스를 제3자에게 제공하는 의무를 부과했다. 이 밖에 ‘플랫폼 경쟁과 기회 법률’과 ‘플랫폼 독점 종식 법률’은 각각 거대 플랫폼이 타사업자를 인수하는 것을 견제하도록 하고 플랫폼이 이해상충을 일으킬 만한 다른 사업을 영위하는 것 자체를 금지하는 내용이 골자다. ■미국은 GAFA 겨냥했는데 한국은 네이버·카카오?하원의 패키지 법안은 사실상 GAFA를 겨냥한 것으로 해석된다. 법안에 명시된 규제 대상 플랫폼 기준은 ▲월간 활성 사용자 수(5000만명 이상) ▲시가총액 6000억 달러 이상 ▲제품·서비스 판매를 위해 반드시 거쳐야 하는 통로(핵심 거래 파트너) 등이다. 이 기준을 모두 충족하는 곳은 사실상 GAFA 같은 빅테크 기업만이다. 이는 국내에서 마련된 플랫폼 규제 법과 차이가 있다. 지난해 공정위가 정부안으로 제출한 온라인플랫폼 중개거래의 공정화에 관한 법률 제정안과 전자상거래법 등에서의 소비자보호에 관한 법률 개정안은 규제 대상을 거대 플랫폼으로 따로 특정 짓지 않았다. GAFA와 비견되는 국내 거대 플랫폼은 네이버와 카카오를 꼽을 수 있다. 두 기업은  시가총액 3,4위를 놓고 삼성전자 및 SK하이닉스와 다툴 만큼 급성장해 지난 7월 기준 시가총액 합이 전체 상장기업 대비 5%에 달한다. 지난해 기준 국내총생산(GDP)와 비교하면 7%에 해당하는 수준이다. 하지만 두 기업을 거대 플랫폼 기업으로 별도 지정해 인수합병 등을 강도 높게 규제하는 것은 바람직하지 않다는 해석이 있다. 쿠팡, 배달의민족, 야놀자 등의 다양한 플랫폼이 계속 성장 중이고 네이버가 독보적인 지위를 차지했던 검색엔진도 구글 점유율이 점차 증가하는 등 네이버와 카카오의 경제력 집중이 GAFA만큼 크지는 않기 때문이다. 한국개발연구원(KDI)은 지난 달 ‘미국의 플랫폼 반독점법안 도입과 시사점’ 보고서에서 “우리나라의 경우 혁신을 위해 오히려 인수합병을 활성화해야 한다는 목소리가 나오고 있어 미국과는 매우 다른 상황”이라며 “이러한 상황에서 거대 플랫폼 지정을 통해 미국에 상응하는 강한 인수합병 규제를 도입하는 것은 시기상조”라고 말했다. 네이버와 카카오 시가총액 추이하지만 자사우대 행위를 금지하는 제재안이 마련될 필요가 있다고 전문가들은 말한다. 지난해 공정위는 자사 오픈 마켓 입점 업체 상품이 검색 상단에 더 잘 보이도록 검색 알고리즘을 변경한 네이버에 과징금 265억원을 부과했다. 현행 공정거래법상 ‘시장지배적 남용 행위’로 네이버를 제재했지만 이 법만으론 점점 더 다양해지고 있는 자사우대 행위를 전부 막지 못할 것으로 보인다. 최난설헌 연세대 법학전문대 교수는 지난 10일 공정위가 주최한 토론회에서 “(국내법은) 지위 남용 행위의 유형을 열거주의 형태로 정형화하고 있어서 각 유형에 해당하는 구성 요건을 완벽하게 충족시키지 못하면 경쟁제한성을 초래해도 (처벌 등 )법 집행이 곤란하다”며 “플랫폼 알고리즘의 공정성과 투명성을 확보하고 알고리즘의 편향성을 방지하기 위한 노출 순위 및 기준 정보를 제공하는 방안이 필요하다”고 말했다. 이미 유럽연합(EU)은 지난해 7월 시행한 ‘온라인플랫폼규칙’에서 검색 노출 순위 결정에 활용되는 알고리즘의 결정 요소를 일반 대중이 이해할 수 있는 쉬운 용어로 공개할 것을 의무화했다. 만약 직·간접적 경제적 대가로 검색 배열과 순위에 영향을 미칠 때는 관련 기준을 약관에 명시하고 일반 대중에 공개해야 한다. 공정위는 플랫폼법이 국회에서 계류 중인 상황과 별개로 카카오·구글 등 플랫폼사에 대한 조사에 속도를 내고 있다. 지난 14일 자사 안드로이드 운영체제(OS) 사용을 강제한 구글에 2074억원을 부과한 데 이어 구글에 대해서만 앱마켓 경쟁제한, 인앱결제 강제, 광고시장 등 3건을 추가 조사 중이다. 카카오와 쿠팡에 대해선 가맹택시에 배차를 몰아주거나 자체브랜드 상품에 특혜를 준 혐의 등을 들여다보고 있다. 조 위원장은 지난 14일 구글 제재를 발표하면서 “플랫폼 분야는 네트워크 효과와 쏠림 현상으로 인해 후발 사업자의 시장진입이 구조적으로 어렵고, 시장을 선점한 사업자가 독점적 지위를 유지하기 위해 배타조건부 거래 등 반경쟁적 행위를 할 수 있어 시장 감시 강화가 필요하다”며 플랫폼에 대한 강화된 제재 움직임을 예고했다."
2021.09.21.,"증명서 찍은 사진은 되고, 앱 캡처는 안 되고…헷갈리는 ‘백신 인증’",https://n.news.naver.com/mnews/article/028/0002561074?sid=102,"앱·큐아르코드·종이 증명서·스티커만 가능손님 “업소마다 기준 제각각”업주 “증명 없이 우기는 손님에 난감”지난 6일 서울 마포구의 한 식당에 거리두기 안내문이 붙어 있다. 연합뉴스정부가 지난 6일부터 코로나19 백신 접종 완료자의 사적 모임 참석을 확대하는 ‘백신 인센티브’를 도입했지만 현장에서 백신 접종 증명 방식을 두고 혼선이 빚어지고 있다. 현재 접종 증명은 △코로나19 전자예방접종증명 쿠브(Coov) 증명서 △네이버·카카오톡 전자출입명부 큐아르(QR)코드 △종이로 된 예방접종증명서 △신분증에 붙인 예방접종스티커 등 4가지의 방식으로 가능하다. 문제는 손님도, 업주도 가능한 증명 방법을 각기 다르게 알고 있다는 것이다. 손님 입장에서는 업소마다 백신 접종 증명을 인증하는 방식이 제각각이라 당황하는 경우가 종종 생긴다. ㄱ씨(60)는 “함께 식당에 간 일행이 백신 접종 스티커를 보여줬는데 가게에서는 앱으로도 확인해야 한다고 해서 앱을 설치하고 인증하는 데 한참이 걸렸다”고 말했다.업주도 곤란한 상황에 자주 처한다. 방역당국이 공식적으로 인정하는 방법 외의 방식으로 백신 접종 완료자라고 주장하며 승강이를 벌이는 상황이 빈번하게 벌어지기 때문이다. 서울에서 호프집을 운영하는 ㄴ씨는 “백신접종증명서를 찍어놓은 사진이나 캡처한 것을 보여주는 경우는 양반이다. 자신은 백신을 맞았다고 말로 무조건 우기는 손님들도 있는데 그럴 때마다 난감하다”고 말했다. 간혹 주민센터에서 나눠주는 배지를 내미는 사람도 있지만 이 경우에도 올바른 증명 방법이 아니다. 온라인에서는 주민센터에서 발급하는 배지와 유사한 모습의 ‘증명 배지’를 팔고 있기도 하다.온라인에서 판매되고 있는 코로나19 백신 접종 배지. 네이버 쇼핑 갈무리자영업자들 사이에서는 방역당국이 업주에게 과도한 부담을 지우고 있다는 목소리도 나온다. 다중이용시설에서 방역 수칙을 위반할 경우 업주는 최대 300만원, 이용자는 최대 10만원 과태료를 내야 하기 때문이다. 자영업자들이 모인 온라인 커뮤니티에는 “(접종 증명) 배지를 보여주고 우기길래 내보냈다. 벌금에 영업정지에 한 번 걸리면 피해가 막대하다”, “접종 확인서를 찍어서 보여주는 손님도 있는데 신분증 대조 확인하고 있다. 검문소도 아니고….”, “백신 맞았다고 노발대발하면서 자기는 확인증 같은 것 없다면서 팔뚝 들이밀면서 화내서 싸웠다” 등 백신 확인에 대한 부담을 호소하는 글이 꾸준히 올라오고 있다. 방역당국은 백신 인센티브가 익숙해지면 이러한 혼란도 점차 사라질 것이라고 보고 있다. 중앙사고수습본부 관계자는 “백신 접종을 받았다는 문자나 배지, 쿠브앱에 뜬 접종정보 캡처 등은 증빙 자료로 쓰이지 못한다. 대신 종이 증명서를 사진으로 찍어서 보여주는 것은 가능하다”며 “백신접종 증명 방법에 대해서는 브리핑과 보도자료를 통해 지속해서 안내하고 있으며, 지자체 차원의 홍보도 강화하고 있다”고 설명했다."
2021.09.21.,"[정치 맥] 尹 ‘고발 사주’ 의혹 20일차···드러난 사실, 규명할 사항은",https://n.news.naver.com/mnews/article/011/0003964602?sid=100,"<1> ‘고발 사주’ 의혹  어디까지 왔나국민의힘 윤석열 대선 경선 예비후보가 19일 오전 서울역 승강장에서 귀성객들을 향해 손을 흔들어 인사하고 있다./연합뉴스[서울경제] 윤석열 국민의힘 대선 예비 후보가 ‘윤석열 검찰의 고발 사주’ 의혹에 휩싸인 지 20일이 지났다. 이 의혹은 지난해 4·15 총선을 앞두고 당시 검찰총장이었던 윤 후보가 손준성 대구고검 인권보호관(당시 대검찰청 수사정보정책관)을 통해 미래통합당(국민의힘 전신)이 최강욱 열린민주당 대표(당시 열린민주당 비례후보)와 MBC·뉴스타파 기자 등을 고발하도록 사주했다는 내용이다.의혹의 핵심은 손 보호관이 관련 고발장을 작성해 김웅 국민의힘 의원(당시 미래통합당 송파갑 후보)에게 전달했는지, 윤 후보가 이 과정에 관여했는지 여부다. 지금까지 드러난 사실과 앞으로 규명이 필요한 사항을 정리해봤다.조성은 전 미래통합당(현 국민의힘) 선거대책위원회 부위원장/사진=JTBC◇드러난 사실은제보자 조성은(33)씨가 공개한 텔레그램 캡쳐 화면에 따르면 김 의원은 지난해 4월3일과 4월8일 두 차례에 걸쳐 조씨에게 텔레그램으로 사진파일을 전달했다. 최 대표 등에 대한 고발장 2개과 ‘제보자X’ 지현진씨의 페이스북 캡쳐 사진 등이다. 김 의원이 조씨에게 보내온 사진파일 위에 ‘손 준성 보냄’이라고 쓰여 있다. 또 “제보자X가 지현진임”이라는 메시지에도 ‘손 준성 보냄’이라는 표시가 달렸다.인터넷 언론 뉴스버스는 지난 2일 사진파일 최초 송신자로 손 보호관을 특정해 보도했다. 이후 조씨는 CBS 김현정의 뉴스쇼를 통해 ‘손준성 보냄’의 프로필 배경화면 사진과 손 보호관의 휴대전화 번호의 텔레그램 계정 프로필 배경화면 사진이 동일하게 나온 카카오톡 대화 캡쳐 화면을 공개했다. 즉 조씨가 공개한 자료에 조작이 없다는 전제 하에, 조씨가 김 의원으로부터 받은 사진파일의 최초 업로더가 손 보호관 계정이라는 사실은 확인된 상황이다.제보자인 조성은씨가 13일 CBS 라디오에서 공개한 '뉴스버스' 전혁수 기자와의 텔레그램 대화 내용. '손준성'의 프로필과 이번 의혹을 보도한 뉴스버스 전혁수 기자의 텔레그램 연락처 속 손준성 검사의 프로필이 일치했다고 밝혔다./사진=CBS여기에 더해 조씨는 10일 JTBC에 출연해 김 의원이 사진파일을 보낸 뒤 전화로 “(고발장을) 꼭 대검찰청 민원실에 접수해야 하고, 중앙지검은 절대 안 된다”고 말했다고 주장했다. 당시 윤 후보의 대척점에 있던 이성윤 중앙지검장을 피해야 한다는 구체적인 요구가 있었다는 취지다. 다만 이는 조씨의 기억에 의존한 진술이다. 조씨는 이 통화를 녹음해두지 않았다.그러나 손 보호관은 “고발장을 작성하거나 고발장 및 첨부자료를 김웅 의원에게 전달한 사실이 결코 없다”는 입장이다. 또 김 의원은 누군가에게 고발장을 받아 김씨에게 전달한 사실 자체가 기억나지 않는다는 입장이다.김웅 국민의힘 의원./국회사진기자단◇중간 전달자 있었나손 보호관과 김 의원 사이 한 명 이상의 중간 전달자가 있을 가능성이 있다. 예컨대 손 보호관이 A란 사람에게 사진파일을 보냈고, A가 B에게 사진파일을 전달했고, B가 다시 김 의원에게 사진파일을 전달한 경우에도 사진파일에는 ‘손 준성 보냄’이라고 표시된다.만약 손 검사가 사진파일을 누군가에게 전달받아 다시 검찰 외부 사람에게 단순 참고용으로 전달했고, 그 외부 사람이 본인의 의지로 김 의원에게 전달했다면 ‘윤석열 검찰의 고발 사주 의혹’이라는 명제가 성립되지 않을 수 있다.조성은씨가 캡쳐한 김웅 국민의힘 의원과의 텔레그램 대화방./사진=뉴스버스◇작성자는 누구인가고발장 작성자가 누구인지는 아직 알려지지 않았다. 조씨가 받은 사진파일만으로는 작성자의 신원이 추정되지 않고 있다. 최초 작성자는 손 보호관일 수도 있고, 손 보호관 휘하 검사나 수사관일 수도 있고, 수사정보정책관실 바깥의 다른 검찰 인물일 수도 있고, 검찰과 관계 없는 제3자일 수도 있다.즉 검찰 밖에서 고발장이 작성됐고, 손 보호관은 이를 누군가에게 받은 뒤 다시 다른 사람에게 전달했을 가능성도 있다. 다만 이 경우에도 손 보호관이 어떻게 그 고발장을 입수했는지, 또 고발장 등을 찍은 백수십개의 사진파일을 왜 본인 휴대전화에 저장했다가 누군가에게 보냈는지에 대한 의문이 남는다.손준성 대구고검 인권보호관./대구=연합뉴스◇윤석열은 관여했나윤 후보가 고발장 작성·전달을 지시했는지, 혹은 인지했는지와 관련한 증거는 공개된 것이 없다. 단지 손 보호관이 김 의원에게 고발장을 전달했다면, 검찰총장의 ‘눈과 귀’ 역할인 수사정보정책관이었던 손 보호관이 윤 후보에게 보고를 안했겠냐는 의심이 있을 뿐이다.또 4월3일 고발장이 윤 후보의 부인 관련 보도를 문제 삼고 있으며 부인의 혐의 없음을 단정하고 있기에 윤 후보와 상의 없이 만들었겠냐는 지적도 제기된다. 이와 반대로 손 보호관이 윤 후보에 대한 과잉충성으로 독자 행동을 했을 수 있다는 관측이 나오는 등 일말의 증거 없이 추정만 난무하는 상황이다.정점식 국민의힘 의원./사진=국회◇누가 당에 전달했나김 의원이 조씨에게 4월8일에 전달한 고발장과 유사한 고발장이 국민의힘에 전달된 것으로 나타났다. 먼저 미래통합당이 지난해 8월 검찰에 제출한 고발장이 조씨가 김 의원에게 받은 고발장과 내용이 유사하단 사실이 알려졌다. 이후 언론 취재 등을 통해 당시 당 법률지원단장이던 정점식 국민의힘 의원실에 들어온 파일 형태의 고발장이 정점식 의원→당 당무감사실장→조상규 자문위원(변호사) 순으로 전달돼 사용된 것으로 나타났다.이에 정 의원실에 고발장 파일을 전달한 사람이 누구인지에 관심이 쏠린다. 일단 조씨는 김 의원에게 받은 고발장을 당에 전달하지 않았다고 밝힌 상태다. 정 의원실 측은 지난해 8월께 고발장을 받은 것으로 추정하나 누구한테 받았는지는 확인이 안 된다는 입장이다.다만 TV조선이 9일 공개한 정 의원실 고발장 파일 정보를 보면 작성 일자는 지난해 4월22일, 수정 일자는 지난해 5월11일이다. 이를 보면 누군가가 고발장 사진파일을 받아 지난해 4월22일 문서로 작성한 것으로 추정된다. 따라서 김 의원이 조씨 외 다른 당 사람에게 전달했을 가능성, 김 의원에게 고발장을 전달한 손 보호관이나 제3자가 당 사람에게 전달했을 가능성, 혹은 고발장 최초 작성자가 전달했을 가능성 등 모든 가능성이 열려 있는 상황이다.박지원 국가정보원장./연합뉴스◇'제보 사주' 있었나박지원 국정원장의 ‘제보 사주’ 의혹도 불거졌다. 10일 TV조선이 박 원장과 조씨가 8월11일 만났다는 사실을 보도하면서다. 이는 조씨가 뉴스버스 기자와 고발 사주 의혹에 대해 이야기 나눈 뒤 이뤄진 만남이다. 이에 국민의힘과 윤석열 캠프에서는 조씨가 박 원장과 제보 여부와 시점을 상의한 것 아니냐는 의혹을 제기했다.특히 조씨가 박 원장과 만나기 전날 김 의원과 텔레그램 대화방을 캡쳐하고 사진파일을 다운로드 받은 사실이 알려지자 이 의혹에 불이 붙었다. 정치권 일각에서 홍준표 후보 캠프의 이필형 본부장이 해당 만남에 동석했다는 의혹이 나오기도 했다.다만 박 원장과 조씨는 이 본부장이 동석하지 않은 것은 물론이고 제보 내용을 상의한 바도 없다고 밝혔다. 이 본부장도 만남 당일 자신의 행적을 공개하며 동석설을 부인한 상태다. 이들의 부인을 뒤집을 물증은 현재까지 알려진 게 없다.김진욱 고위공직자범죄수사처장./과천=연합뉴스◇수사·조사 상황은수사는 손 보호관과 김 의원에 집중돼 있다. 앞서 고위공직자범죄수사처는 김 의원과 손 보호관의 휴대전화를 압수했다. 하지만 휴대전화에서 관련 증거를 찾을 수 있을지는 미지수다. 김 의원은 휴대전화를 두세 차례 바꿨다고 밝힌 바 있다. 손 보호관은 아이폰을 쓴다. 만약 손 보호관이 공수처에 비밀번호를 알려주지 않으면 열어보지도 못할 수 있다.김재원 국민의힘 공명선거추진단장,/연합뉴스국민의힘 공명선거추진단은 정 의원실에 들어온 고발장 파일 출처에 대해 조사하고 있다. 다만 공명선거추진단은 아직 어떠한 조사 결과도 공개하지 않았다. 이런 와중에 JTBC는 15일 국민의힘 핵심 관계자를 인용해 “‘최강욱 고발장’이 당에 들어온 것은 확인됐다” “‘당시 고발장을 전달받았다’는 복수의 당 관계자들의 진술도 확보했다”고 보도했다. 공명선거추진단장인 김재원 최고위원은 이 보도에 대해 ‘사실무근’이라고 반박했다.‘제보 사주’ 의혹도 사건화된 상태다. 윤석열 캠프가 13일 박 원장과 조씨, 그리고 성명불상자 1인을 국정원법·공직선거법 위반 혐의로 공수처에 고발하면서다. 공수처가 이 사건에 대해 본격적인 수사에 착수했는지는 알려지지 않았다."
2021.09.21.,변화하겠다던 택진이형…돌파구 찾을 수 있을까,https://n.news.naver.com/mnews/article/277/0004972221?sid=105,"[이미지출처=연합뉴스]""그동안 당연히 여겨왔던 방식과 과정에 의문을 품고 냉정히 재점검하겠다.""추석 연휴 전인 지난 17일 김택진 엔씨소프트 대표가 전직원들에게 보낸 메시지의 일부다. 이 한마디에서 짐작할 수 있듯 엔씨는 최근 브랜드가치·주가 하락, 이용자 이탈 등 위기에 직면해 있다. 김 대표가 경영전략에 변화를 예고한 가운데 국내 '1등' 게임사로서 자존심을 회복할 수 있을지 주목된다.20일 한국기업평판연구소가 게임 상장기업 34개에 대해 매긴 브랜드 평판 순위에 따르면 이달 브랜드 평판 1~3위는 크래프톤, 펄어비스, 넷마블 순으로 나타났다. 엔씨는 4위에 그쳤다. 수개월동안 1~2위를 다투던 엔씨가 이달엔 톱3에 안에도 들지 못한 것이다.주가가 빠지는 속도는 더욱 심각하다. 7개월전까지만 해도 100만원을 호가했던 엔씨의 주가는 하락을 거듭해 현재는 58만원대로 내려앉았다. 같은 기간 시총은 10조원가량이나 증발했다.엔씨를 향한 게임 이용자들의 이상 기류는 올해 초부터 감지됐다. 특히 리니지M 내 아이템인 '문양' 업데이트 롤백(이전 상태로 되돌리는 것)사태는 위기의 단초가 됐다. 엔씨는 지난 1월 해당 아이템을 얻기 위해 수천만원이 발생하던 비용을 수백만원 수준으로 절감할 수 있게 만드는 업데이트를 진행했다.이 과정에서 소위 '핵과금러'로 불리며 '문양'에 많은 비용을 썼던 이용자들이 형평성 문제를 제기했고, 엔씨는 결국 업데이트를 취소했다. 하지만 이후 엔씨가 다수 이용자보다 과금을 많이 하는 소수 이용자들을 우선한다며 이용자들이 불매운동을 벌였다. 트럭시위도 진행됐다.그 사이 리니지 이용자 수도 크게 줄었다. 아이지에이웍스의 빅데이터 분석 솔루션 모바일인덱스에 따르면 리니지M의 주간이용자수(8월23~29일)는 13만8281명으로 지난해 같은 기간(22만7139명)보다 10만명 가까이 증발했다. 리니지2M 이용자는 4만8639명으로 역시 작년 같은 기간 보다(9만1021명) 절반 수준으로 줄었다.수년간 매출순위 1~2위 자리를 지켜오던 '리니지 형제'는 카카오게임즈가 서비스하는 '오딘: 발할라 라이징'에 선두자리를 내줬고, 야심작 ‘블레이드&소울2’를 출시했지만 이 역시 과도한 과금구조로 이용자들의 불만을 사며 신통치 못한 성적을 내고 있다.이처럼 회사 내 위기감이 고조되자 김 대표는 ""변화가 필요한 시기다. 문제를 정확히 짚고 대안을 강구하겠다""라며 경영 전략에 변화를 줄 것을 예고했다. 그는 ""도전과 변화를 위해서 당장은 낯설고 불편해도 바꿀 건 바꾸겠다""며 ""고객이 기대하는 모습으로 변화하도록 총력을 기울이겠다""고도 했다.일단 오는 30일 열리는 ‘리니지W’ 2차 쇼케이스는 김 대표가 밝힌 '변화'의 첫걸음이 될 것으로 보인다. 엔씨는 리니지W 출시 전 이용자들의 궁금증을 해소하고 게임의 상세 정보를 안내하기 위해 2차 쇼케이스를 준비했다.쇼케이스는 이용자들의 주요 질문에 상세히 답변하는 형식으로 진행된다. 이러한 방식은 최근 불거진 여러 부정적 여론에 엔씨가 직접 진화에 나선다는 의미로 해석된다.다만 전문가들은 엔씨가 기존 과금 구조를 기반으로 한 비지니스 모델을 포기하지 않는 이상 근본적인 변화를 불러오기는 힘들 것이라고 지적한다. 한국게임학회장인 위정현 중앙대 교수는 ""확률형아이템이라는 마약에 빠져 계속 비슷한 게임을 내놓으면서 매출이 견고하다라고 착각을 했던 것""라며 ""문제를 근본적으로 해결하려는 노력들과 자세가 필요한데 임기응변하려는 자세, 경영진의 태도가 오늘날 계속 문제를 확대하고 키웠던 게 아닌가 싶다""라고 말했다."
2021.09.21.,‘K를 생각한다’ 임명묵이 골라낸 귀경길 ‘웹툰 5選’,https://n.news.naver.com/mnews/article/037/0000029773?sid=103,"[임명묵의 웹툰] 만화는 폰으로 봐야 제맛! 웹툰이 이렇게까지 성공하리라고는 업계 종사자도 대부분 예상하지 못했다고 한다. 웹툰은 청년층이 주도하는 혁신적 문화 콘텐츠이자, 소설과 드라마 등 인접 장르를 매개하는 허브로 자리 잡았다. 수출에 성공하며 세계화라는 과업에서도 성취를 거두고 있다. 웹툰의 핵심 성공 요인은 ‘한국인의 욕망’을 연료로 사용한 점이 아닐까. 케이팝(K- pop)이나 웹소설, 드라마의 성공과 통하는 점이기도 하다. 콘텐츠 공급자가 보라고 ‘권하는’ 작품이 아닌, 수요자인 대중이 ‘갈망하는’ 작품을 만들었기에 오늘날의 신화를 쓸 수 있었다. 즐겁게 본 작품을 위주로 웹툰과 한국인의 욕망에 대해 이야기해보고자 한다.‘인생존망’ 글·박태준/그림·전선욱, 네이버웹툰인생존망.학창 시절 악명 높은 일진이던 장안철은 격투기 선수를 지내며 승승장구하다 과거 별생각 없이 괴롭혔던 동창생 김진우의 몸에 빙의된다. 하필 시기도 김진우가 자신에게 한창 괴롭힘을 당하던 고교 시절이다. 과거 장안철은 ‘네 가지 사건’을 통해 김진우의 일생을 망가뜨렸다. 자신의 몸으로 되돌아오려면 기억나지 않는 네 가지 ‘인생존망’ 사건을 해결해야 하는데, 이 작품에서는 한국 대중 콘텐츠에 담긴 핵심적 욕망인 ‘위계 거스르기’가 능수능란하게 나타난다. 전직 격투기 선수의 영혼이 모범생 몸에 들어가면서 학교 위계질서를 전복하는 내용은 위계 인식이 강한 한국 사회에서 특히 ‘시원한’ 감각을 준다. 한국 학교를 리얼하게 묘사한 작화도 작품에 무척이나 잘 어울린다.‘템빨’ 글·이동욱/그림·Team Argo, 카카오페이지템빨.동명의 인기 웹소설을 원작으로 한 ‘템빨’은 웹소설과 웹툰의 활발한 교류를 대표한다. 템빨 역시 기본적으로 위계질서가 깨질 때 오는 카타르시스를 추구하는 작품이다. 주인공 신영우는 말초적 탐욕만 추구하는 단순한 인물로, 독자조차 눈살을 찌푸리게 만든다. 그는 가상현실게임 ‘SATISFY’에 몰입하며 현실에서 도피하지만 이곳에서조차 무시당하기 일쑤다. 앙심과 좌절감만 키우던 그는 우연히 전설 속 대장장이의 후예가 되면서 정반대 삶을 살아가기 시작한다. 영웅과는 거리가 먼, 한국인이라면 누구나 공감할 법한 ‘찌질한’ 주인공이 성장해가면서 게임과 세계의 위계를 적극적으로 뒤집어버리는 감각적 전개가 일품이다.‘하렘생존기’ 오리발, 카카오웹툰하렘생존기.한국 웹소설이나 웹툰의 주요 특징은 ‘적대적 세계에서 펼치는 생존을 위한 투쟁’이다. 작품 속 세계는 주인공에게 계속해서 압박감을 주는 공간이지, 따뜻하게 품어주는 곳이 아니다. 현실을 벗어나고자 다른 공간으로 도피하더라도, 그곳 역시 생존을 위협하는 환경임이 밝혀질 정도다. 17세기 오스만제국의 화려한 수도 이스탄불을 배경으로 한 ‘하렘생존기’도 마찬가지다. 궁정 노예로 잡혀온 주인공이 권모술수가 난무하는 궁정 하렘에서 살아남으려면 긴장의 끈을 놓지 말고 기지를 발휘해야 한다. 우정을 나눈 친구조차 믿기 어렵다. 매력적인 캐릭터와 긴장감 높은 연출 덕분에 독자들은 17세기 이스탄불이라는 생소한 시공간적 배경에도 스토리에 빠져든다. ‘적대적 세계에서 생존’은 시공간을 초월해 한국인이 무의식적으로 느끼는 세계 인식이 아닐까.‘소녀의 세계’ 모랑지, 네이버웹툰소녀의 세계.투쟁을 통한 생존이나 위계질서 전복만큼 인상적인 주제가 ‘인간관계’다. 한국 콘텐츠에는 등장인물 사이에 관계 그물망이 복잡하게 펼쳐지는 경우가 흔하다. 이들은 학교·회사·가정에서 얽히고설킨 관계망과 위계질서를 판별할 것을 요구받는다. 사소한 실수는 우호관계와 적대관계 형성으로 이어질 수 있다. 오해가 쌓이면서 갈등이 폭발하고, 그러다 오해를 풀어 갈등이 해소되기도 한다. 때로는 여론을 동원해 적을 제압하며 카타르시스도 준다. 여고생들의 우정을 다룬 ‘소녀의 세계’는 이런 점에서 감동적인 우정 이야기이면서도 관계를 다루는 치열한 정치 서사다. 주인공이 복잡하게 얽힌 세 친구와 관계를 풀어나가는 1부에서 이런 경향이 두드러진다. 적대적 세계와 정치적 관계에 몰입하는 우리는 반대로 모든 것을 털어놓을 수 있는 ‘진짜 우정’을 바라는 것일지도 모른다.‘당신의 과녁’ 고태호, 네이버웹툰당신의 과녁.최근 웹툰에 대해 “말초적, 상업 지향적 작품만 범람한다”는 비판이 나온다. 이런 비판이 정당한지 아닌지와는 별개로, 상업적으로 성공하면서도 작가 고유의 문제의식을 담은 작품이 꾸준히 발표되고 있다. 누명을 쓰고 17년간 억울하게 옥살이를 한 주인공의 출소 후 이야기를 담은 ‘당신의 과녁’도 그런 작품이다. 작가는 인간의 고통과 선악이라는 근원적 문제를 파고든다. 등장인물들이 주인공의 고통에 대해 보이는 행동과 표정, 거기서 나타나는 심리묘사는 작가의 연출력에 감탄을 연발하게 한다. 주인공이 복수했으면 하는 욕망, 과거를 잊고 남은 삶을 살아갔으면 하는 바람 사이에서 독자는 갈피를 잡지 못한다. ‘어떤 전개가 더 괜찮은 걸까’라는 의문에 쉽게 답을 내리지 못하게 한다는 점에서 작품의 가치가 돋보인다."
2021.09.21.,"與청년대변인 '패배자 새X' 막말 논란…野 ""GSGG 이어 또?""",https://n.news.naver.com/mnews/article/001/0012664776?sid=100,"비판 영상 올린 개그맨에 전화로 욕설…尹측 ""즉각 경질·출당하라""하헌기 ""부적절, 반성 중…스토킹 수준의 괴롭힘 당해""민주당 하헌기 청년대변인[하헌기 부대변인 SNS 캡처]  (서울=연합뉴스) 류미나 홍규빈 기자 = 더불어민주당 하헌기 청년대변인(상근 부대변인)이 자신을 비판한 개그맨에게 전화를 걸어 욕설이 담긴 막말을 쏟아낸 것으로 알려져 논란이 일고 있다.    21일 조선일보 보도에 따르면 하 청년대변인은 이달초 다른 사람의 전화기를 사용해 개그맨 윤정섭 씨에게 전화를 걸어 ""씨X새X, 패배자 새X"" 등 욕설을 쏟아냈다.    갈등은 지난달 31일 하 청년대변인이 한 주간지에 기고한 '극우 유튜버의 구속, 왜 유튜브는 가만히 있을까' 칼럼이 발단이 된 것으로 알려졌다.    하 청년대변인은 유튜브에서 벌어지는 명예훼손·모욕 등 범죄에 대해 운영사인 유튜브에도 책임을 물어야 한다는 내용을 담은 이 글을 기고하면서 고(故) 박원순 전 서울시장 재임 시절 서울시와 기타리스트 신대철 씨 간 유착 의혹을 제기한 유튜버 최일환 씨의 사진을 함께 게재했다.    해당 사건은 수사가 진행 중인데, '구속된 유튜버'에 대한 칼럼을 쓰면서 피고소인 신분인 최 씨에 대해서도 문제를 삼은 것이다.[하헌기 부대변인 SNS 캡처]    이에 대해 개그맨 윤 씨는 지난 3일 인터넷 영상을 통해 과거 최 씨로부터 비판을 당한 하 청년대변인이 자신과 친한 언론사를 이용해 개인의 앙갚음을 한 것이라는 취지의 발언을 했고, 얼마 지나지 않아서 하 청년대변인으로부터 욕설 전화를 받았다는 게 윤 씨의 주장이다.    하 청년대변인은 연합뉴스와 통화에서 ""공적인 발언이 아닌 사적인 이야기였지만, 욕설을 하는 것 자체가 부적절했다. 반성하고 있다""라고 밝혔다.    다만 윤 씨에 대해서는 ""개그맨이 아닌 보수 유튜버이고, 제가 '헬마우스' 유튜브채널을 운영할 때부터 조금씩 분쟁이 있었다""라며 ""페이스북, 카카오톡 등 개인 SNS를 통해 지속적으로 스토킹 수준의 괴롭힘을 당했고, 그만하라는 취지로 전화를 걸었던 것""이라고 주장했다.    하 청년대변인은 손혜원 전 민주당 의원의 보좌진 출신으로, '추월의 시대' 공동 저자이기도 하다. 올해 8월 민주당 청년대변인으로 임명됐다.    윤 씨는 현재 SNS와 TBN 등에서 개그맨 겸 리포터로 활동 중이며, 유튜브 채널 '캡틴TV'를 운영하고 있다.    이와 관련, 국민의힘 대권주자인 윤석열 전 총장 캠프는 김인규 부대변인 논평을 통해 ""더불어민주당은 쌍욕을 뱉은 청년대변인을 즉각 경질하고 출당하라""고 촉구했다.    김 부대변인은 앞서 민주당 김승원 의원이 언론중재법 본회의 상정 무산을 놓고 박병석 국회의장을 향해 'GSGG'라는 표현으로 물의를 빚었던 일과 싸잡아 ""여당에선 욕설과 막말을 잘하면 출세한다는 문화가 있는지 몰라도 듣는 국민의 마음은 매우 불편할 것""이라고 꼬집었다.개그민 윤정섭 씨['캡틴TV' 유튜브 영상 화면캡처]    minaryo@yna.co.kr"
2021.09.21.,"[정치 맥] 尹 ‘고발 사주’ 의혹 20일차···드러난 사실, 규명할 사항은",https://n.news.naver.com/mnews/article/011/0003964602?sid=100,"<1> ‘고발 사주’ 의혹  어디까지 왔나국민의힘 윤석열 대선 경선 예비후보가 19일 오전 서울역 승강장에서 귀성객들을 향해 손을 흔들어 인사하고 있다./연합뉴스[서울경제] 윤석열 국민의힘 대선 예비 후보가 ‘윤석열 검찰의 고발 사주’ 의혹에 휩싸인 지 20일이 지났다. 이 의혹은 지난해 4·15 총선을 앞두고 당시 검찰총장이었던 윤 후보가 손준성 대구고검 인권보호관(당시 대검찰청 수사정보정책관)을 통해 미래통합당(국민의힘 전신)이 최강욱 열린민주당 대표(당시 열린민주당 비례후보)와 MBC·뉴스타파 기자 등을 고발하도록 사주했다는 내용이다.의혹의 핵심은 손 보호관이 관련 고발장을 작성해 김웅 국민의힘 의원(당시 미래통합당 송파갑 후보)에게 전달했는지, 윤 후보가 이 과정에 관여했는지 여부다. 지금까지 드러난 사실과 앞으로 규명이 필요한 사항을 정리해봤다.조성은 전 미래통합당(현 국민의힘) 선거대책위원회 부위원장/사진=JTBC◇드러난 사실은제보자 조성은(33)씨가 공개한 텔레그램 캡쳐 화면에 따르면 김 의원은 지난해 4월3일과 4월8일 두 차례에 걸쳐 조씨에게 텔레그램으로 사진파일을 전달했다. 최 대표 등에 대한 고발장 2개과 ‘제보자X’ 지현진씨의 페이스북 캡쳐 사진 등이다. 김 의원이 조씨에게 보내온 사진파일 위에 ‘손 준성 보냄’이라고 쓰여 있다. 또 “제보자X가 지현진임”이라는 메시지에도 ‘손 준성 보냄’이라는 표시가 달렸다.인터넷 언론 뉴스버스는 지난 2일 사진파일 최초 송신자로 손 보호관을 특정해 보도했다. 이후 조씨는 CBS 김현정의 뉴스쇼를 통해 ‘손준성 보냄’의 프로필 배경화면 사진과 손 보호관의 휴대전화 번호의 텔레그램 계정 프로필 배경화면 사진이 동일하게 나온 카카오톡 대화 캡쳐 화면을 공개했다. 즉 조씨가 공개한 자료에 조작이 없다는 전제 하에, 조씨가 김 의원으로부터 받은 사진파일의 최초 업로더가 손 보호관 계정이라는 사실은 확인된 상황이다.제보자인 조성은씨가 13일 CBS 라디오에서 공개한 '뉴스버스' 전혁수 기자와의 텔레그램 대화 내용. '손준성'의 프로필과 이번 의혹을 보도한 뉴스버스 전혁수 기자의 텔레그램 연락처 속 손준성 검사의 프로필이 일치했다고 밝혔다./사진=CBS여기에 더해 조씨는 10일 JTBC에 출연해 김 의원이 사진파일을 보낸 뒤 전화로 “(고발장을) 꼭 대검찰청 민원실에 접수해야 하고, 중앙지검은 절대 안 된다”고 말했다고 주장했다. 당시 윤 후보의 대척점에 있던 이성윤 중앙지검장을 피해야 한다는 구체적인 요구가 있었다는 취지다. 다만 이는 조씨의 기억에 의존한 진술이다. 조씨는 이 통화를 녹음해두지 않았다.그러나 손 보호관은 “고발장을 작성하거나 고발장 및 첨부자료를 김웅 의원에게 전달한 사실이 결코 없다”는 입장이다. 또 김 의원은 누군가에게 고발장을 받아 김씨에게 전달한 사실 자체가 기억나지 않는다는 입장이다.김웅 국민의힘 의원./국회사진기자단◇중간 전달자 있었나손 보호관과 김 의원 사이 한 명 이상의 중간 전달자가 있을 가능성이 있다. 예컨대 손 보호관이 A란 사람에게 사진파일을 보냈고, A가 B에게 사진파일을 전달했고, B가 다시 김 의원에게 사진파일을 전달한 경우에도 사진파일에는 ‘손 준성 보냄’이라고 표시된다.만약 손 검사가 사진파일을 누군가에게 전달받아 다시 검찰 외부 사람에게 단순 참고용으로 전달했고, 그 외부 사람이 본인의 의지로 김 의원에게 전달했다면 ‘윤석열 검찰의 고발 사주 의혹’이라는 명제가 성립되지 않을 수 있다.조성은씨가 캡쳐한 김웅 국민의힘 의원과의 텔레그램 대화방./사진=뉴스버스◇작성자는 누구인가고발장 작성자가 누구인지는 아직 알려지지 않았다. 조씨가 받은 사진파일만으로는 작성자의 신원이 추정되지 않고 있다. 최초 작성자는 손 보호관일 수도 있고, 손 보호관 휘하 검사나 수사관일 수도 있고, 수사정보정책관실 바깥의 다른 검찰 인물일 수도 있고, 검찰과 관계 없는 제3자일 수도 있다.즉 검찰 밖에서 고발장이 작성됐고, 손 보호관은 이를 누군가에게 받은 뒤 다시 다른 사람에게 전달했을 가능성도 있다. 다만 이 경우에도 손 보호관이 어떻게 그 고발장을 입수했는지, 또 고발장 등을 찍은 백수십개의 사진파일을 왜 본인 휴대전화에 저장했다가 누군가에게 보냈는지에 대한 의문이 남는다.손준성 대구고검 인권보호관./대구=연합뉴스◇윤석열은 관여했나윤 후보가 고발장 작성·전달을 지시했는지, 혹은 인지했는지와 관련한 증거는 공개된 것이 없다. 단지 손 보호관이 김 의원에게 고발장을 전달했다면, 검찰총장의 ‘눈과 귀’ 역할인 수사정보정책관이었던 손 보호관이 윤 후보에게 보고를 안했겠냐는 의심이 있을 뿐이다.또 4월3일 고발장이 윤 후보의 부인 관련 보도를 문제 삼고 있으며 부인의 혐의 없음을 단정하고 있기에 윤 후보와 상의 없이 만들었겠냐는 지적도 제기된다. 이와 반대로 손 보호관이 윤 후보에 대한 과잉충성으로 독자 행동을 했을 수 있다는 관측이 나오는 등 일말의 증거 없이 추정만 난무하는 상황이다.정점식 국민의힘 의원./사진=국회◇누가 당에 전달했나김 의원이 조씨에게 4월8일에 전달한 고발장과 유사한 고발장이 국민의힘에 전달된 것으로 나타났다. 먼저 미래통합당이 지난해 8월 검찰에 제출한 고발장이 조씨가 김 의원에게 받은 고발장과 내용이 유사하단 사실이 알려졌다. 이후 언론 취재 등을 통해 당시 당 법률지원단장이던 정점식 국민의힘 의원실에 들어온 파일 형태의 고발장이 정점식 의원→당 당무감사실장→조상규 자문위원(변호사) 순으로 전달돼 사용된 것으로 나타났다.이에 정 의원실에 고발장 파일을 전달한 사람이 누구인지에 관심이 쏠린다. 일단 조씨는 김 의원에게 받은 고발장을 당에 전달하지 않았다고 밝힌 상태다. 정 의원실 측은 지난해 8월께 고발장을 받은 것으로 추정하나 누구한테 받았는지는 확인이 안 된다는 입장이다.다만 TV조선이 9일 공개한 정 의원실 고발장 파일 정보를 보면 작성 일자는 지난해 4월22일, 수정 일자는 지난해 5월11일이다. 이를 보면 누군가가 고발장 사진파일을 받아 지난해 4월22일 문서로 작성한 것으로 추정된다. 따라서 김 의원이 조씨 외 다른 당 사람에게 전달했을 가능성, 김 의원에게 고발장을 전달한 손 보호관이나 제3자가 당 사람에게 전달했을 가능성, 혹은 고발장 최초 작성자가 전달했을 가능성 등 모든 가능성이 열려 있는 상황이다.박지원 국가정보원장./연합뉴스◇'제보 사주' 있었나박지원 국정원장의 ‘제보 사주’ 의혹도 불거졌다. 10일 TV조선이 박 원장과 조씨가 8월11일 만났다는 사실을 보도하면서다. 이는 조씨가 뉴스버스 기자와 고발 사주 의혹에 대해 이야기 나눈 뒤 이뤄진 만남이다. 이에 국민의힘과 윤석열 캠프에서는 조씨가 박 원장과 제보 여부와 시점을 상의한 것 아니냐는 의혹을 제기했다.특히 조씨가 박 원장과 만나기 전날 김 의원과 텔레그램 대화방을 캡쳐하고 사진파일을 다운로드 받은 사실이 알려지자 이 의혹에 불이 붙었다. 정치권 일각에서 홍준표 후보 캠프의 이필형 본부장이 해당 만남에 동석했다는 의혹이 나오기도 했다.다만 박 원장과 조씨는 이 본부장이 동석하지 않은 것은 물론이고 제보 내용을 상의한 바도 없다고 밝혔다. 이 본부장도 만남 당일 자신의 행적을 공개하며 동석설을 부인한 상태다. 이들의 부인을 뒤집을 물증은 현재까지 알려진 게 없다.김진욱 고위공직자범죄수사처장./과천=연합뉴스◇수사·조사 상황은수사는 손 보호관과 김 의원에 집중돼 있다. 앞서 고위공직자범죄수사처는 김 의원과 손 보호관의 휴대전화를 압수했다. 하지만 휴대전화에서 관련 증거를 찾을 수 있을지는 미지수다. 김 의원은 휴대전화를 두세 차례 바꿨다고 밝힌 바 있다. 손 보호관은 아이폰을 쓴다. 만약 손 보호관이 공수처에 비밀번호를 알려주지 않으면 열어보지도 못할 수 있다.김재원 국민의힘 공명선거추진단장,/연합뉴스국민의힘 공명선거추진단은 정 의원실에 들어온 고발장 파일 출처에 대해 조사하고 있다. 다만 공명선거추진단은 아직 어떠한 조사 결과도 공개하지 않았다. 이런 와중에 JTBC는 15일 국민의힘 핵심 관계자를 인용해 “‘최강욱 고발장’이 당에 들어온 것은 확인됐다” “‘당시 고발장을 전달받았다’는 복수의 당 관계자들의 진술도 확보했다”고 보도했다. 공명선거추진단장인 김재원 최고위원은 이 보도에 대해 ‘사실무근’이라고 반박했다.‘제보 사주’ 의혹도 사건화된 상태다. 윤석열 캠프가 13일 박 원장과 조씨, 그리고 성명불상자 1인을 국정원법·공직선거법 위반 혐의로 공수처에 고발하면서다. 공수처가 이 사건에 대해 본격적인 수사에 착수했는지는 알려지지 않았다."
2021.09.21.,변화하겠다던 택진이형…돌파구 찾을 수 있을까,https://n.news.naver.com/mnews/article/277/0004972221?sid=105,"[이미지출처=연합뉴스]""그동안 당연히 여겨왔던 방식과 과정에 의문을 품고 냉정히 재점검하겠다.""추석 연휴 전인 지난 17일 김택진 엔씨소프트 대표가 전직원들에게 보낸 메시지의 일부다. 이 한마디에서 짐작할 수 있듯 엔씨는 최근 브랜드가치·주가 하락, 이용자 이탈 등 위기에 직면해 있다. 김 대표가 경영전략에 변화를 예고한 가운데 국내 '1등' 게임사로서 자존심을 회복할 수 있을지 주목된다.20일 한국기업평판연구소가 게임 상장기업 34개에 대해 매긴 브랜드 평판 순위에 따르면 이달 브랜드 평판 1~3위는 크래프톤, 펄어비스, 넷마블 순으로 나타났다. 엔씨는 4위에 그쳤다. 수개월동안 1~2위를 다투던 엔씨가 이달엔 톱3에 안에도 들지 못한 것이다.주가가 빠지는 속도는 더욱 심각하다. 7개월전까지만 해도 100만원을 호가했던 엔씨의 주가는 하락을 거듭해 현재는 58만원대로 내려앉았다. 같은 기간 시총은 10조원가량이나 증발했다.엔씨를 향한 게임 이용자들의 이상 기류는 올해 초부터 감지됐다. 특히 리니지M 내 아이템인 '문양' 업데이트 롤백(이전 상태로 되돌리는 것)사태는 위기의 단초가 됐다. 엔씨는 지난 1월 해당 아이템을 얻기 위해 수천만원이 발생하던 비용을 수백만원 수준으로 절감할 수 있게 만드는 업데이트를 진행했다.이 과정에서 소위 '핵과금러'로 불리며 '문양'에 많은 비용을 썼던 이용자들이 형평성 문제를 제기했고, 엔씨는 결국 업데이트를 취소했다. 하지만 이후 엔씨가 다수 이용자보다 과금을 많이 하는 소수 이용자들을 우선한다며 이용자들이 불매운동을 벌였다. 트럭시위도 진행됐다.그 사이 리니지 이용자 수도 크게 줄었다. 아이지에이웍스의 빅데이터 분석 솔루션 모바일인덱스에 따르면 리니지M의 주간이용자수(8월23~29일)는 13만8281명으로 지난해 같은 기간(22만7139명)보다 10만명 가까이 증발했다. 리니지2M 이용자는 4만8639명으로 역시 작년 같은 기간 보다(9만1021명) 절반 수준으로 줄었다.수년간 매출순위 1~2위 자리를 지켜오던 '리니지 형제'는 카카오게임즈가 서비스하는 '오딘: 발할라 라이징'에 선두자리를 내줬고, 야심작 ‘블레이드&소울2’를 출시했지만 이 역시 과도한 과금구조로 이용자들의 불만을 사며 신통치 못한 성적을 내고 있다.이처럼 회사 내 위기감이 고조되자 김 대표는 ""변화가 필요한 시기다. 문제를 정확히 짚고 대안을 강구하겠다""라며 경영 전략에 변화를 줄 것을 예고했다. 그는 ""도전과 변화를 위해서 당장은 낯설고 불편해도 바꿀 건 바꾸겠다""며 ""고객이 기대하는 모습으로 변화하도록 총력을 기울이겠다""고도 했다.일단 오는 30일 열리는 ‘리니지W’ 2차 쇼케이스는 김 대표가 밝힌 '변화'의 첫걸음이 될 것으로 보인다. 엔씨는 리니지W 출시 전 이용자들의 궁금증을 해소하고 게임의 상세 정보를 안내하기 위해 2차 쇼케이스를 준비했다.쇼케이스는 이용자들의 주요 질문에 상세히 답변하는 형식으로 진행된다. 이러한 방식은 최근 불거진 여러 부정적 여론에 엔씨가 직접 진화에 나선다는 의미로 해석된다.다만 전문가들은 엔씨가 기존 과금 구조를 기반으로 한 비지니스 모델을 포기하지 않는 이상 근본적인 변화를 불러오기는 힘들 것이라고 지적한다. 한국게임학회장인 위정현 중앙대 교수는 ""확률형아이템이라는 마약에 빠져 계속 비슷한 게임을 내놓으면서 매출이 견고하다라고 착각을 했던 것""라며 ""문제를 근본적으로 해결하려는 노력들과 자세가 필요한데 임기응변하려는 자세, 경영진의 태도가 오늘날 계속 문제를 확대하고 키웠던 게 아닌가 싶다""라고 말했다."
2021.09.21.,‘K를 생각한다’ 임명묵이 골라낸 귀경길 ‘웹툰 5選’,https://n.news.naver.com/mnews/article/037/0000029773?sid=103,"[임명묵의 웹툰] 만화는 폰으로 봐야 제맛! 웹툰이 이렇게까지 성공하리라고는 업계 종사자도 대부분 예상하지 못했다고 한다. 웹툰은 청년층이 주도하는 혁신적 문화 콘텐츠이자, 소설과 드라마 등 인접 장르를 매개하는 허브로 자리 잡았다. 수출에 성공하며 세계화라는 과업에서도 성취를 거두고 있다. 웹툰의 핵심 성공 요인은 ‘한국인의 욕망’을 연료로 사용한 점이 아닐까. 케이팝(K- pop)이나 웹소설, 드라마의 성공과 통하는 점이기도 하다. 콘텐츠 공급자가 보라고 ‘권하는’ 작품이 아닌, 수요자인 대중이 ‘갈망하는’ 작품을 만들었기에 오늘날의 신화를 쓸 수 있었다. 즐겁게 본 작품을 위주로 웹툰과 한국인의 욕망에 대해 이야기해보고자 한다.‘인생존망’ 글·박태준/그림·전선욱, 네이버웹툰인생존망.학창 시절 악명 높은 일진이던 장안철은 격투기 선수를 지내며 승승장구하다 과거 별생각 없이 괴롭혔던 동창생 김진우의 몸에 빙의된다. 하필 시기도 김진우가 자신에게 한창 괴롭힘을 당하던 고교 시절이다. 과거 장안철은 ‘네 가지 사건’을 통해 김진우의 일생을 망가뜨렸다. 자신의 몸으로 되돌아오려면 기억나지 않는 네 가지 ‘인생존망’ 사건을 해결해야 하는데, 이 작품에서는 한국 대중 콘텐츠에 담긴 핵심적 욕망인 ‘위계 거스르기’가 능수능란하게 나타난다. 전직 격투기 선수의 영혼이 모범생 몸에 들어가면서 학교 위계질서를 전복하는 내용은 위계 인식이 강한 한국 사회에서 특히 ‘시원한’ 감각을 준다. 한국 학교를 리얼하게 묘사한 작화도 작품에 무척이나 잘 어울린다.‘템빨’ 글·이동욱/그림·Team Argo, 카카오페이지템빨.동명의 인기 웹소설을 원작으로 한 ‘템빨’은 웹소설과 웹툰의 활발한 교류를 대표한다. 템빨 역시 기본적으로 위계질서가 깨질 때 오는 카타르시스를 추구하는 작품이다. 주인공 신영우는 말초적 탐욕만 추구하는 단순한 인물로, 독자조차 눈살을 찌푸리게 만든다. 그는 가상현실게임 ‘SATISFY’에 몰입하며 현실에서 도피하지만 이곳에서조차 무시당하기 일쑤다. 앙심과 좌절감만 키우던 그는 우연히 전설 속 대장장이의 후예가 되면서 정반대 삶을 살아가기 시작한다. 영웅과는 거리가 먼, 한국인이라면 누구나 공감할 법한 ‘찌질한’ 주인공이 성장해가면서 게임과 세계의 위계를 적극적으로 뒤집어버리는 감각적 전개가 일품이다.‘하렘생존기’ 오리발, 카카오웹툰하렘생존기.한국 웹소설이나 웹툰의 주요 특징은 ‘적대적 세계에서 펼치는 생존을 위한 투쟁’이다. 작품 속 세계는 주인공에게 계속해서 압박감을 주는 공간이지, 따뜻하게 품어주는 곳이 아니다. 현실을 벗어나고자 다른 공간으로 도피하더라도, 그곳 역시 생존을 위협하는 환경임이 밝혀질 정도다. 17세기 오스만제국의 화려한 수도 이스탄불을 배경으로 한 ‘하렘생존기’도 마찬가지다. 궁정 노예로 잡혀온 주인공이 권모술수가 난무하는 궁정 하렘에서 살아남으려면 긴장의 끈을 놓지 말고 기지를 발휘해야 한다. 우정을 나눈 친구조차 믿기 어렵다. 매력적인 캐릭터와 긴장감 높은 연출 덕분에 독자들은 17세기 이스탄불이라는 생소한 시공간적 배경에도 스토리에 빠져든다. ‘적대적 세계에서 생존’은 시공간을 초월해 한국인이 무의식적으로 느끼는 세계 인식이 아닐까.‘소녀의 세계’ 모랑지, 네이버웹툰소녀의 세계.투쟁을 통한 생존이나 위계질서 전복만큼 인상적인 주제가 ‘인간관계’다. 한국 콘텐츠에는 등장인물 사이에 관계 그물망이 복잡하게 펼쳐지는 경우가 흔하다. 이들은 학교·회사·가정에서 얽히고설킨 관계망과 위계질서를 판별할 것을 요구받는다. 사소한 실수는 우호관계와 적대관계 형성으로 이어질 수 있다. 오해가 쌓이면서 갈등이 폭발하고, 그러다 오해를 풀어 갈등이 해소되기도 한다. 때로는 여론을 동원해 적을 제압하며 카타르시스도 준다. 여고생들의 우정을 다룬 ‘소녀의 세계’는 이런 점에서 감동적인 우정 이야기이면서도 관계를 다루는 치열한 정치 서사다. 주인공이 복잡하게 얽힌 세 친구와 관계를 풀어나가는 1부에서 이런 경향이 두드러진다. 적대적 세계와 정치적 관계에 몰입하는 우리는 반대로 모든 것을 털어놓을 수 있는 ‘진짜 우정’을 바라는 것일지도 모른다.‘당신의 과녁’ 고태호, 네이버웹툰당신의 과녁.최근 웹툰에 대해 “말초적, 상업 지향적 작품만 범람한다”는 비판이 나온다. 이런 비판이 정당한지 아닌지와는 별개로, 상업적으로 성공하면서도 작가 고유의 문제의식을 담은 작품이 꾸준히 발표되고 있다. 누명을 쓰고 17년간 억울하게 옥살이를 한 주인공의 출소 후 이야기를 담은 ‘당신의 과녁’도 그런 작품이다. 작가는 인간의 고통과 선악이라는 근원적 문제를 파고든다. 등장인물들이 주인공의 고통에 대해 보이는 행동과 표정, 거기서 나타나는 심리묘사는 작가의 연출력에 감탄을 연발하게 한다. 주인공이 복수했으면 하는 욕망, 과거를 잊고 남은 삶을 살아갔으면 하는 바람 사이에서 독자는 갈피를 잡지 못한다. ‘어떤 전개가 더 괜찮은 걸까’라는 의문에 쉽게 답을 내리지 못하게 한다는 점에서 작품의 가치가 돋보인다."
2021.09.21.,"투신한 女공무원에 '니가 한 짓'…그 직장동료 ""범인 지목한적 없다""",https://n.news.naver.com/mnews/article/119/0002531849?sid=102,"[데일리안 = 이지희 기자] 경기 양주시 한 아파트 단지 15층에서 20대 여성이 지난 16일 극단적 선택으로 사망한 가운데 이 여성의 어머니가 딸의 죽음은 ""우리 딸을 범인으로 몰아붙인 직장 동료 때문""이라고 주장했다. 그러나 해당 직장 동료는 이를 부정하고 나섰다.ⓒ온라인 커뮤니티17일 온라인커뮤니티 보배드림에는 '우리 공무원 딸이 자살했습니다'라는 제목의 글이 게재됐다. 숨진 여성의 어머니 A씨는 딸이 사망하기 전 여동생과 주고받은 카카오톡을 비롯해 사건을 다룬 기사 등을 공유했다.A씨는 ""우리 딸 팀원의 가방이 칼로 손괴됐는데 그 가방 주인이 범인으로 우리 딸을 지목했다""며 ""아무런 증거 없이 정황만으로 딸을 범인으로 몰고 경찰서에 신고도 했다. 팀 구성원들도 우리 딸을 범인으로 몰아붙였다""고 주장했다. 이어 ""딸은 경찰서에 출석해 조사를 받고 압박감을 느꼈다. 팀원들의 차가운 시선을 견디지 못하고 자택 15층에서 뛰어내려 자살했다""고 말했다.A씨가 공개한 메시지에 따르면, 딸은 ""사무실에 나 혼자 있었는데 왜 문을 열고 닫았냐 해, 그거 누가 의식해""라고 말한다. 동생이 ""언니가 그랬냐""고 하자 딸은 ""내가 왜 해, 진짜 어이없다"" ""과장도 나 불러서 회의한다고 하고, 너무 슬프다"" ""시청에서 나 칼쟁이 된 것 같아 기분이 너무 안 좋다, 벌벌 떨려"" 등의 억울함을 토로했다.ⓒ온라인 커뮤니티또한 A씨는 딸을 범인으로 지목한 직장 동료의 인스타그램 게시물도 공유했다.해당 게시물에서 그 동료는 ""어떤 미친X한테 몰렸다 생각하고 지나가야 하는데, 그 뒤에 하는 행동들이 사람을 더 미치게 하고 억울하고 답답하게 만든다. 자기 혼자 모르겠지만 다 너인 거 안다. 앞에서 말만 못할 뿐이지 다들 니가 한 짓인거, XXX라는거, 사이코패스라는 거, 니가 섬뜩하다는 거 다 알고 있어. 나이 X먹고 하는 짓은 중딩 수준이라니 네 인생이 불쌍하다""고 적었다. 해당 게시물은 삭제된 상태다.숨진 여성의 유족 측은 ""경찰에 출석해 조사받은 뒤 압박감과 팀원들의 차가운 시선을 견디지 못하고 자신이 살던 집 15층에서 뛰어내렸다""면서 당시 A씨의 딸은 억울함을 호소했지만, 사무실 내 CCTV가 없어 이를 증명할 수 없었다고 전했다.사연이 확산되면서 논란이 커지자 직장둉료 B씨는 억울하다는 입장을 내비쳤다.B씨는 ""사무실 내 CCTV가 없었지만, 복도 CCTV 확인 결과 당시 민원인 1명을 제외하고, 사무실에는 A 씨 밖에 없었다""면서 ""자리를 비운 사이에 가방이 칼로 찢겨 있어 충격을 받고, 이후 트라우마가 생겨 정신과 치료도 받았다""고 전했다. 또 ""A씨를 지목해 고소하지 않았다""면서 ""며칠 숙고 후 범인을 밝혀달라고 수사를 의뢰했던 것""이라고 반박했다.또한""팀원 전체가 A씨를 일방적으로 범인 취급하는 분위기가 아니었고, 오히려 A씨 편에서 격려해 준 팀원들도 많았다""고 덧붙였다.※ 우울감 등 말하기 어려운 고민이 있거나 주변에 이런 어려움을 겪는 가족·지인이 있을 경우 자살 예방 핫라인 ☎1577-0199, 희망의 전화 ☎129, 생명의 전화 ☎1588-9191, 청소년 전화 ☎1388 등에서 24시간 전문가의 상담을 받을 수 있습니다."
2021.09.21.,富의 세대교체…서정진·서경배 밀어낸 韓 부호 톱 5는 누구?,https://n.news.naver.com/mnews/article/031/0000625105?sid=101,"김정주·김범수·권혁빈, 3년 만에 부호 상위 5명 안에 들어…'창업형 부호' 크게 증가코로나19 이후 '부(富)의 세대교체'가 빠르게 이뤄지고 있다. 창업으로 부를 쌓는 '창업형 부호'가 크게 증가한 영향이다. 부호의 평균 연령도 낮아지면서 '부의 세대교체' 속도도 빨라질 것이란 관측이다.21일 기업분석연구소 리더스인덱스가 조사한 한국 부호 순위와 미국 포브스가 매년 발표하는 미국, 일본 등 3개국 상위 주식 부자 150명(국가별 상위 50명)의 2018년과 올해 재산 현황을 비교 조사한 결과, 3개국에서 창업형 부자는 2018년 92명(61.3%)에서 올해 98명(65.3%)으로 4.0%포인트(P) 늘었다. 반면 상속형 부자는 58명(38.7%)에서 52명(34.7%)으로 4.0%P 감소했다.(왼쪽부터) 김범수 카카오 의장, 김정주 넥슨 창업주국가별로 보면 우리나라에서 창업형 부자가 가장 많이 늘었다. 2018년 상위 50위 부자 중 19명(38%)였던 창업형 부자가 올해 25명(50%)으로 12% 증가했다. 같은 기간 미국에서는 창업형 부자가 10명(25%), 일본에서는 12명(30%) 증가한 것보다 월등히 높다.한국에서 3년 전 상위 50위 명단에 없다가 올해 신규로 진입한 부호 21명 중 창업형 부호는 14명이었다. 미국에서는 신규 진입 부호 27명 중 13명이, 일본에서는 14명 중 12명이 창업형 부호였다.창업 부호들의 평균 나이 변화를 보면 미국은 67.9세에서 66.1세로, 일본은 68.7세에서 66.7세로 낮아졌다. 한국은 61.5세에서 56.3세로 가장 많이 낮아져 부의 세대교체가 한국에서 빠르게 일어나고 있는 것으로 분석됐다.3개국 부자 150명의 재산은 코로나19 이후에도 크게 늘었다. 2018년 1조4천914억 달러였던 이들의 전체 재산가치는 올해 2조5천75억원으로 68.1% 증가했다. 특히 창업형 부자들의 재산이 1조441억원에서 1조8천613억원으로 78.3% 급증했다. 상속형 부자들의 재산은 4천473억 달러에서 6천642억 달러로 44.5% 늘었다.[자료=리더스인덱스]우리나라는 2018년 1천258억달러이던 상위 부자 50명의 재산이 올해 1천322억 달러로 5.1% 증가해 3개 국가 중 가장 낮은 증가세를 보였다. 창업형 부자들의 재산이 495억 달러에서 642억 달러로 29.7% 증가한 반면, 상속형 부자들은 763억 달러에서 680억 달러로 10.9% 감소했다.3년 전 우리나라의 부호 상위 5명은 ▲고(故) 이건희 삼성 회장 ▲서정진 셀트리온 회장 ▲이재용 삼성전자 부회장 ▲서경배 아모레퍼시픽 회장 ▲정몽구 현대차 회장으로 4명이 상속부호였다.현재는 ▲이재용 부회장 ▲홍라희 여사를 제외하고 ▲김정주 넥슨 창업주 ▲김범수 카카오 의장 ▲권혁빈 스마일게이트 의장 등 상위 5명 중 3명이 창업형 부호인 것으로 나타났다."
2021.09.21.,[별점공화국]② 먹을 필요도 없다… ‘3분에 1500원’ 별점 조작 알바 해봤습니다,https://n.news.naver.com/mnews/article/366/0000762004?sid=102,"선결제하고 별점 5개에 세줄 리뷰만 쓰면 끝나식당 갈 필요 없이 제자리서 3분만 쓰면 1500원 입금허위 리뷰 단 식당은 별점 만점 맛집으로 소문 “리뷰작성시 별점5점+찜 부탁드리고 이미지 제공매장은 사전에 미리 말씀드립니다. 리뷰작성은 최소 3줄 이상으로 부탁드립니다. 주문 완료후 리뷰 작성은 2시간안에 작성해주세요.”별점을 조작하는 허위 리뷰 조작은 홍보·마케팅 업체가 음식점과 계약을 맺는 방식으로 이뤄진다. 여기서 빠질 수 없는 것이 직접 허위 리뷰를 올리는 아르바이트생(알바)이다. 포털사이트든 배달 앱이든 하나의 계정으로 한 음식점에 여러 개의 리뷰를 올리는 게 어렵다보니 업체들은 알바를 그때그때 모집해 이들의 계정으로 허위 리뷰를 올린다.조선비즈는 이달 중순 직접 허위 리뷰 작성 알바 체험에 나섰다. 단속이 심해서 일자리를 구하기 어려울 것이라는 예상과 달리 몇 시간 만에 허위 리뷰 업체와 연락이 닿았다. 리뷰 작성 알바생을 모집하는 카카오톡 오픈채팅방 ‘리뷰알바/리뷰 모집 대표방’에는 많을 때는 1분에 서너 개씩 아르바이트 모집 글이 올라왔다.지난 10일 오후 2시쯤 기자의 이름과 연락처, 배달의민족과 요기요 앱 사용 가능 여부 등을 업체에 보내자 30분 만에 답장이 왔다. 과거처럼 음식을 직접 먹어보거나 식당을 방문하는 등 내 시간을 써야 할 필요도 없었다. 음식점에서 리뷰할 음식을 주문하고 선결제만 하면 됐다. 배달 앱으로 주문은 하되 음식은 받지 않는 것이다. 가상의 음식에 대해 3줄의 짧은 소감만 남기면 1500원의 알바비를 받을 수 있었다. 선결제한 비용도 알바비와 함께 입금되는 식이다.배달의민족 별점을 조작하는 허위 리뷰가 만들어지는 과정. 마케팅 업체가 보내준 가이드라인(왼쪽)대로 허위 리뷰를 작성하고, 카카오톡(오른쪽)으로 이를 보고하면 업체가 선결제 금액에 알바비를 포함해 보내준다. /이신혜 기자        배달 앱 차원에서 허위 리뷰를 적발하는 것에 대해 불안감을 내비치자 이들 업체는 자신만만했다. 업체 관계자는 두 가지 방식이 있다고 설명했다. 가게를 직접 찾아가는 ‘만나서카드결제(미결제)’와 가게를 찾아가지 않고 선결제하는 ‘직접카드결제(선결제)’ 방식이 있다고 밝혔다.그러면서 이 관계자는 “결제를 하지 않는 ‘만나서카드결제’ 방식은 클린시스템에 잡힐 확률이 높고 이렇게 되면 배달 앱의 블랙리스트에 오를 수 있다”며 “반면에 선결제를 하고 결제액을 페이백 받는 방식은 클린시스템에 걸릴 확률이 거의 없다”고 설명했다. 기자가 더 안전한 선결제 방식을 택하자 다음날 리뷰를 해야 할 업체 정보가 카카오톡으로 전달됐다.기자에게 배정된 업체는 노량진의 한 횟집이었다. 업체가 지정해준 메뉴를 고르고 배달주소를 노량진역 인근으로 설정한 뒤, ‘포장’ 주문을 골랐다. ‘배달’을 선택하면 라이더가 배치되기 때문에 배달 앱 모니터링에 걸릴 확률이 높다는 게 업체의 설명이었다. 업체가 제공한 가이드라인대로 ‘OOOO리뷰 진행해용’이라는 문구를 배달 앱 요청사항에 썼다.포장 준비 시간이 지나고 배달 앱에 음식을 수령했다는 메시지가 떴다. 리뷰를 작성할 시간이었다. 가이드라인대로 별점 5개를 주고 회가 싱싱하고 양도 충분하다는 리뷰를 작성했다. 업체가 제공한 사진도 넣었다. 리뷰를 쓰는데는 3분도 채 걸리지 않았다. 완성된 리뷰를 업체에 보내자 30분 뒤쯤 선결제 금액에 알바비 1500원을 합친 돈이 입금됐다.서울 마포구에서 배달업체 관계자가 배달할 음식을 오토바이에 싣고 있다./ 연합뉴스        집이나 카페에서 다른 할 일을 하면서 업체가 지정해준 대로 틈틈이 리뷰만 작성하면 되는 일이었다. 허위 리뷰 아르바이트가 취업준비생이나 대학생들 사이에서 ‘꿀알바’로 통하는 이유다.리뷰 아르바이트를 꾸준히 하고 있다는 취업준비생인 강예원(가명)씨는 “주위에 배민에서 배달 알바로 용돈을 버는 친구들도 있는데 솔직히 노력 대비 수입으로 치면 배민에서 배달하는 것보다 배민에 리뷰 쓰는 게 훨씬 이득”이라며 “큰 돈 벌 생각 없이 커피나 점심 값 정도 번다고 생각하면 만족도가 높다”고 설명했다.업체는 다음 날에도 기자에게 ‘작업’을 할 식당 정보를 보내왔다. 새로 보내준 식당 정보를 찾는 김에 전날 작업한 횟집을 배달의민족에서 찾아봤다. 별점은 5점에 수백개의 ‘맛있다’는 리뷰가 달려 있었다.[별점공화국]① 당신이 본 별점리뷰는 조작됐습니다[별점공화국]③ 벌점이 된 별점… 1점 떨어지면 매출 40% ‘뚝’[별점공화국]④ 카카오맵은 별점 테러의 온상… 뒷짐 진 플랫폼에 자영업자만 운다"
2021.09.21.,상반기 마통 65만개 뚫었다…새로나간 대출은 23조,url없음,<네이버 기사 없음>
2021.09.21.,신상은 못 참지! 갤럭시Z 폴드3·갤럭시Z 플립3 ‘비교 체험’해봤다,https://n.news.naver.com/mnews/article/037/0000029775?sid=101,"[구희언의 Trend to watch] ‘야심작’ 뭘 살까 고민된다면매거진동아 유튜브 채널을 갤럭시Z 플립3(왼쪽)와 갤럭시Z 폴드3에서 연 모습.“천서진은 도망 다니는 와중에도 갤럭시Z 플립3를 쓰네.”9월 10일 인기리에 종영한 SBS 드라마 ‘펜트하우스 시즌3’ 실시간 대화창에 올라온 한 시청자의 글이다. 드라마를 볼 때 다른 시청자들과 함께 보는 기분을 느끼고자 대화창을 켜두는데, 극 중 천서진(김소연 분)이 PPL(간접광고) 제품인 삼성전자 ‘갤럭시Z 플립3’를 꺼내 들자 모두가 약속한 것처럼 스마트폰 이야기를 했다. 드라마 톡이 아니라 정보기술(IT) 톡방에 온 것 같았다. 화면에 스마트폰이 잡힐 때마다 “플립 예약 힘들었을 듯” “사채업자 피해 다니면서도 새 폰은 예약함 ㅋㅋㅋ” “플립 좋아요?” “예쁘긴 예쁘다” “이번 제품은 잘 뽑은 듯” “은별이가 엄마 폰 대신 사줬나 ㅋㅋㅋ” 같은 대화가 오갔다.삼성전자는 최근 신규 폴더블폰 ‘갤럭시Z 폴드3’와 ‘갤럭시Z 플립3’를 내놨다. 갤럭시Z 폴드3와 갤럭시Z 플립3의 예약판매 기간 판매량은 92만 대. 이는 삼성전자 스마트폰 중 역대 최고 기록이다. 9월 중국을 비롯해 10월까지 130여 개국에 출시될 계획이다.확실히 이번 신제품의 체감 인기가 남다르다. ‘대기업’ ‘PPL’이라고 하면 욕부터 하고 보는 온라인 커뮤니티에서도 제품에 대한 반응이 우호적이었다. MBC 예능프로그램 ‘구해줘! 홈즈’에는 PPL로 갤럭시Z 폴드3가 나왔는데, 개그맨 양세형이 스마트폰을 펼쳐놓고 집주인과 영상통화하며 다른 화면에 S펜으로 메모하는 장면을 보고 ‘업무용으로 쓰면 좋겠다’고 생각했다.입사 초 애플 아이폰을 쓰다 직업 특성상 통화 녹음 기능이 필요해 안드로이드 폰으로 넘어간 후 갤럭시노트 시리즈와 구글 픽셀, 샤오미 홍미 시리즈를 써봤다. 지금 쓰는 건 갤럭시S21 울트라. 그런 기자가 갤럭시Z 폴드3와 갤럭시Z 플립3를 일주일간 들고 다니며 비교 체험해봤다.가볍고, 예쁘고, 흔하지 않은 게 좋아!아이폰12 프로 맥스(왼쪽)와 갤럭시Z 폴드3, 갤럭시Z 플립3의 크기를 비교했다.한손에 쏙 들어오는 크기가 매력적인 갤럭시Z 플립3. 셀피 놀이하기에 좋다(왼쪽). 갤럭시Z 플립3와 갤럭시Z 폴드3의 외부 카메라.디자인과 휴대성 잡은 갤럭시Z 플립3먼저 갤럭시Z 플립3 크림 컬러는 주요 온라인 커뮤니티에서 ‘샤넬 팩트 색 vs 오래된 에어컨 색’으로 설왕설래하던 모델이다. 사진상으로는 조금 빛바랜 아이보리색으로 보였는데 실물이 훨씬 고급스럽고 예뻤다.스마트폰으로 영상을 많이 보고 멀티윈도 기능을 애용하며 게임도 장시간 돌리는 ‘헤비 유저’인 기자에게는 원래 쓰던 갤럭시S21 울트라 배터리 용량이 5000mAh로 커서인지 갤럭시Z 플립3의 배터리 용량(3300mAh)이 다소 부족했다.갤럭시Z 플립3와 갤럭시Z 폴드3(4400mAh), 갤럭시S21 울트라의 화면 밝기를 최대로 해놓고 고스펙 스마트폰 게임을 켜 ‘자동사냥’을 반나절가량 돌렸는데, 갤럭시Z 플립3 배터리만 훅 줄어 충전해야 했다. 헤비 유저가 아니면 일상에서 부족하다고 느낄 정도는 아니다. 다만 개인차는 있겠으나, 오래 쓰니 액정에서 발열이 꽤 느껴졌다.갤럭시Z 플립3는 후면 카메라가 2개(전면 카메라 1000만 화소, 후면 카메라 초광각·광각 1200만 화소)로 갤럭시Z 폴드3(전면 UDC 카메라 400만 화소, 후면 초광각·듀얼 픽셀·망원 카메라 1200만 화소)의 3개보다 적다. 그만큼 가벼워 반으로 접어서 세워두거나 손바닥에 올려 셀피를 찍기에 딱이었다. 유튜버들의 브이로그에 자주 나오는 카메라처럼 활용하거나, 영상통화를 할 때 쓰기 편했다.삼성전자 스마트폰에서 자주 쓰는 기능 중 하나는 AOD(Always On Display)다. 화면 잠금을 해제하지 않고도 시간과 일정을 확인할 수 있어 늘 켜두는 처지에서 여타 스마트폰과 비슷한 크기의 휴대전화를 ‘귀찮게’ 또 접을 필요가 있을까 싶었다. 그러나 그 ‘귀찮음’을 감수하며 갤럭시Z 플립3를 선택한 구매자들이 말하는 제품의 매력은 다음과 같다.“처음에는 갤럭시Z 폴드3가 나오자마자 사야겠다 싶었는데 매장에서 갤럭시Z 폴드3와 갤럭시Z 플립3를 만져보고 생각이 달라졌어요. 갤럭시Z 플립3는 접으면 담뱃갑만 하고 셔츠 앞주머니에도 들어가 가벼움과 휴대성이 매력적이더라고요.”(40대 남성)“폴더폰을 안 써본 세대라 그런지 이 디자인이 바 형태보다 신선해서 마음에 들었어요. 다꾸(다이어리 꾸미기)하듯 외부 액정을 GIF 파일로 꾸미거나 케이스를 커스터마이징하는 것도 재미있고요. 핸드백에 넣어도 무겁지 않고, 고급스러운 화장품 팩트처럼 예뻐서 좋아요.”(20대 여성)갤럭시Z 플립3는 접은 상태에서도 외부 액정을 손으로 드래그하면 삼성페이를 이용해 결제 카드를 선택할 수 있었다. 폰 여닫기 귀찮은 사람의 취향을 저격한 기능이다.시원한 큰 화면이 좋아!갤럭시Z 플립3와 갤럭시Z 폴드3에서 카카오웹툰 애플리케이션을 열었다(왼쪽). 갤럭시Z 플립3와 갤럭시Z 폴드3에서 나무 MTS 앱을 열었다.동영상, 게임에 S펜까지 갤럭시Z 폴드3갤럭시Z 폴드3 팬텀 블랙 컬러 모델을 180도로 펼치고 받은 인상은 아이패드 미니나 갤럭시탭 같다는 것이었다. 7.6인치의 큼직한 화면이 시원했다. 액정 접히는 부분이 거슬리지 않을까 싶었는데, 금방 적응했다. 오히려 접히는 부분보다 화면 아래 넣은 언더디스플레이카메라(UDC)가 모기장처럼 느껴져 전체 화면으로 콘텐츠를 볼 때는 살짝 거슬렸다.갤럭시Z 폴드3는 접은 상태에서도 외부 액정을 통해 기능을 대부분 쓸 수 있었다. 접고 펴는 게 귀찮은 이에겐 편할 것 같았다. 외부 액정이 일반 스마트폰 액정만큼 커서 문자메시지나 카카오톡 메신저 확인, 간단한 검색을 하는 데 지장이 없었다. 장시간 써도 발열은 생각보다 없었다.개인적으로 한 화면에서 두 가지 애플리케이션(앱)을 동시에 쓸 수 있는 멀티윈도 기능을 평소 애용한다. 갤럭시Z 폴드3는 멀티윈도 기능을 써도 스마트폰 2개를 붙인 듯한 큰 화면 덕에 편안한 스마트폰 라이프를 즐길 수 있었다.기자 소유의 갤럭시S21 울트라와 이번에 체험한 갤럭시Z 폴드3, 갤럭시Z 플립3로 같은 공간에서 찍은 사진(더 많은 무보정 고화질 사진은 주간동아 네이버 포스트에서 확인할 수 있다).갤럭시S21 울트라를 사용하기 전까지는 갤럭시노트 시리즈를 써왔는데, 이 같은 팬심을 오래 유지할 수 있었던 데는 화면에 바로 메모할 수 있는 ‘S펜’의 힘이 컸다. 갤럭시Z 폴드3부터는 폴더블 세계 최초로 S펜 기능을 지원한다. 다만 갤럭시노트 시리즈처럼 S펜이 기기에 내장되지는 않고, 별도로 갤럭시Z 폴드3 전용 플립커버를 사야 S펜을 장착할 수 있다. 사전예약자에게는 S펜과 커버가 지급됐는데 지금은 별도로 사야 한다.기자가 쓰는 갤럭시S21 울트라의 100배 줌 카메라는 달 표면까지 찍을 수 있고, 고화질로 찍은 사진은 잡지에 인쇄해도 무리가 없을 정도로 선명하다. 헤비 유저인 데다 S펜 마니아인 기자의 기준에서 가장 이상적인 스마트폰은 갤럭시S21 울트라급 카메라를 단, S펜을 지원하는 폴더블폰이었다. 그러나 그런 모델이 나왔다면 가격이 만만찮았을 것이다. 삼성전자 관계자는 “모델마다 타깃 고객이 다르고 중요하게 여기는 기능도 다르다. 제품에 맞춰 최적의 사용 경험을 할 수 있도록 설계했다”고 설명했다.그렇다면 갤럭시Z 폴드3를 실제로 산 이들이 말하는 장점은 뭘까.“계속 눈여겨보던 모델이에요. 처음 폴드 시리즈가 나왔을 때 사려다 아무래도 첫 모델은 버그가 있고 단점도 보여서 ‘지름신’이 오는 걸 계속 참았어요. 갤럭시Z 폴드2까지 참았다가 이번에 나온 모델은 갤럭시 투고(Galaxy To Go) 서비스로 써보고 바로 샀어요. 전작들과 달리 S펜을 활용할 수 있어 좋아요.”(30대 남성)“평소 넷플릭스나 유튜브를 즐겨 보는데 딸아이가 영상을 볼 거면 큰 화면이 낫다고 추천해 사게 됐어요. 처음에는 액정 접히는 부분이 약하면 어쩌지, 눈에 계속 거슬리면 어쩌지 걱정되더라고요. 금방 적응해 편하게 쓰고 있지만요. 플립 커버를 씌운 스마트폰 같은 디자인이지만 플립 커버보다 기능이 많고 화면도 커 마음에 듭니다.”(50대 여성)스마트폰은 거추장스러운 액세서리 없이 일명 ‘생폰’으로 쓰는 게 진리라고 여긴다면 두 모델이 좋은 선택이다. 특히 액세서리로 많이들 사는 스마트폰링(그립톡)을 부착하지 않고도 두 제품 모두 접어서 세울 수 있다. 지금 쓰는 갤럭시S21 울트라는 부착한 스마트폰링 때문에 무선충전을 할 때마다 케이스를 벗겨야 하는 게 단점이다. 갤럭시Z 플립3와 갤럭시Z 폴드3는 그런 액세서리 없이도 살짝 접으면 거치대에 올린 것처럼 편하게 영상을 보거나 게임을 할 수 있다.참고로 기기 내 실험실에서 스마트폰을 75~115도로 접어도 작동하는 플렉스 모드 패널 기능을 켜면 화면 상단에는 앱이, 하단에는 앱을 사용할 때 유용한 컨트롤러가 나온다. 두 모델 모두 IPX8 등급의 방수를 지원한다. 장단점을 살펴보고 마음이 기울었다면 갤럭시 투고 서비스를 활용해 직접 만져보고 선택하길 권한다.*포털에서 ‘투벤저스’를 검색해 포스트를 팔로잉하시면 다채로운 투자 정보를 만나보실 수 있습니다."
2021.09.21.,"""당신을 노리는 보이스피싱""··· 이것만 봐도 사기 피할수 있다",https://n.news.naver.com/mnews/article/011/0003964534?sid=101,"영화 ‘보이스’에서 보이스피싱 피해자인 전직 경찰 서준(변요한· 사진 앞줄 왼쪽)이 중국 선양의 보이스피싱 본거지 ‘콜센터’에 위장 취업해 기획자 ‘곽프로’(김무열·서 있는 인물)의 통화 내용을 들으며 분노를 참고 있다. /사진제공=CJ ENM[서울경제] 날로 진화하는 보이스피싱, 당신은 ‘안전지대’에 있을까. 지난 15일 개봉한 영화 ‘보이스’는 조직적으로 이뤄지는 보이스피싱에 대한 위험이 당신을 노리고 있다는 현실을 잘 보여주는 사례다.전직 경찰 서준(변요한)은 건설현장 반장으로 고생한 끝에 현장감독으로 정식 계약하자는 제안을 받는다. 그날 서준의 아내는 낮선 변호사로부터 걸려온 전화를 받는다. 친구라며 자신을 소개한 변호사는 건설현장에서 인부가 사망해 서준이 조사를 받고 있다고 전한다. 뒤이은 형사의 전하까지. 당황한 아내는 아파트 중도금 7,000만원을 보낸다. 뒤늦게 서준과 통화가 되지만 돈은 인출한 뒤다. 서준은 보이스피싱 본거지인 중국 선양 콜센터에 위장 취업한다.영화 보이스는 사실에 기반을 둔 ‘픽션’이지만 ‘논픽션’도 이에 못지않다. A씨 휴대폰에 지난 2월 낯선 문자가 떴다. 누구냐고 물은 메시지에 온 답은 “엄마 딸”이었다. 휴대폰 액정이 깨져서 문자랑 카카오톡만 된다며 카톡 친구 추가를 해달라는 내용이었다. 평소 딸이 보내는 말투, 이모티콘이 똑같아 의심하지 않았다. A씨는 시키는 대로 앱을 깔고 신분증과 카드의 앞뒤 사진을 보냈다. 다음날 A씨는 한 번도 거래가 없던 은행에서 2,400만 원이 비대면 대출로 나간 사실을 알게 됐다.영화 같은 사례는 또 있다. 올해 초 신협 광교지점에 한 조합원 부부가 찾아왔다. 이들은 창구를 방문해 예금을 중도해지하고 1억 원 상당의 현금 인출을 시도했다. 담당 직원이 보기엔 너무 이상한 모습이었다. 알고 보니 부부는 딸을 납치했다는 보이스피싱 조직의 협박을 받고 있었다. 즉시 경찰에 신고했고, 발빠른 대응으로 딸의 신변이 무사한 것도 확인했다. 결국 조합원 부부의 예금도 지킬 수 있게 됐다.금융감독원이 운영하고 있는 ‘보이스피싱 그만’ 유튜브 채널(https://www.youtube.com/channel/UCXbhCl3TIb0nZis6xykgNmQ). /사진제공=유튜브 사진 캡쳐보이스피싱은 피해가 발생하면 일단 범인을 잡는 게 사실상 불가능하다. 때문에 사전에 예방하는 게 무엇보다 중요하다. 금융감독원이 보이스피싱 예방교육에 중점을 두는 것도 이 때문이다. 금융감독원이 운영하는 유튜브 채널 ‘보이스피싱 그만'에선 다양한 피해 사례를 쉽게 접할 수 있다. 해당 채널엔 금감원과 전국은행연합회와 금융투자협회, 여신금융협회 등 각 금융협회·중앙회 10곳이 보이스피싱의 최신 사기수법 및 피해 예방법을 알기 쉽게 배울 수 있도록 만든 동영상이 지난 17일 게재됐다.동영상은 사기 유형별로 구분돼 있다. 기관사칭형을 비롯해 대출사기형, 메신저피싱형 등이다. 여기에 피해예방과 대처방법, 금융회사별 피해예방 우수사례 동영상도 확인할 수 있다. 동영상은 전 연령층이 쉽게 이해할 수 있도록 애니메이션 형식으로 제작됐고, 분량은 주제별로 약 5분 내외다. 소비자가 보이스피싱 사기수법을 생생하게 체험할 수 있도록 실제 피싱 사기범 음성자료(그놈 목소리) 및 사기문자 재연화면 등이 활용됐다.금융감독원의 ‘보이스피싱 지킴이’ 홈페이지(https://phishing-keeper.fss.or.kr). /사진제공=금융감독원이 밖에도 금감원은 ‘보이스피싱 지킴이’ 사이트를 통해 보다 자세하게 피해 사례를 제공하고 있다. 피해구제 방법 등도 해당 사이트를 통해 확인할 수 있다."
2021.09.21.,"""당신을 노리는 보이스피싱""··· 이것만 봐도 사기 피할수 있다",https://n.news.naver.com/mnews/article/011/0003964534?sid=101,"영화 ‘보이스’에서 보이스피싱 피해자인 전직 경찰 서준(변요한· 사진 앞줄 왼쪽)이 중국 선양의 보이스피싱 본거지 ‘콜센터’에 위장 취업해 기획자 ‘곽프로’(김무열·서 있는 인물)의 통화 내용을 들으며 분노를 참고 있다. /사진제공=CJ ENM[서울경제] 날로 진화하는 보이스피싱, 당신은 ‘안전지대’에 있을까. 지난 15일 개봉한 영화 ‘보이스’는 조직적으로 이뤄지는 보이스피싱에 대한 위험이 당신을 노리고 있다는 현실을 잘 보여주는 사례다.전직 경찰 서준(변요한)은 건설현장 반장으로 고생한 끝에 현장감독으로 정식 계약하자는 제안을 받는다. 그날 서준의 아내는 낮선 변호사로부터 걸려온 전화를 받는다. 친구라며 자신을 소개한 변호사는 건설현장에서 인부가 사망해 서준이 조사를 받고 있다고 전한다. 뒤이은 형사의 전하까지. 당황한 아내는 아파트 중도금 7,000만원을 보낸다. 뒤늦게 서준과 통화가 되지만 돈은 인출한 뒤다. 서준은 보이스피싱 본거지인 중국 선양 콜센터에 위장 취업한다.영화 보이스는 사실에 기반을 둔 ‘픽션’이지만 ‘논픽션’도 이에 못지않다. A씨 휴대폰에 지난 2월 낯선 문자가 떴다. 누구냐고 물은 메시지에 온 답은 “엄마 딸”이었다. 휴대폰 액정이 깨져서 문자랑 카카오톡만 된다며 카톡 친구 추가를 해달라는 내용이었다. 평소 딸이 보내는 말투, 이모티콘이 똑같아 의심하지 않았다. A씨는 시키는 대로 앱을 깔고 신분증과 카드의 앞뒤 사진을 보냈다. 다음날 A씨는 한 번도 거래가 없던 은행에서 2,400만 원이 비대면 대출로 나간 사실을 알게 됐다.영화 같은 사례는 또 있다. 올해 초 신협 광교지점에 한 조합원 부부가 찾아왔다. 이들은 창구를 방문해 예금을 중도해지하고 1억 원 상당의 현금 인출을 시도했다. 담당 직원이 보기엔 너무 이상한 모습이었다. 알고 보니 부부는 딸을 납치했다는 보이스피싱 조직의 협박을 받고 있었다. 즉시 경찰에 신고했고, 발빠른 대응으로 딸의 신변이 무사한 것도 확인했다. 결국 조합원 부부의 예금도 지킬 수 있게 됐다.금융감독원이 운영하고 있는 ‘보이스피싱 그만’ 유튜브 채널(https://www.youtube.com/channel/UCXbhCl3TIb0nZis6xykgNmQ). /사진제공=유튜브 사진 캡쳐보이스피싱은 피해가 발생하면 일단 범인을 잡는 게 사실상 불가능하다. 때문에 사전에 예방하는 게 무엇보다 중요하다. 금융감독원이 보이스피싱 예방교육에 중점을 두는 것도 이 때문이다. 금융감독원이 운영하는 유튜브 채널 ‘보이스피싱 그만'에선 다양한 피해 사례를 쉽게 접할 수 있다. 해당 채널엔 금감원과 전국은행연합회와 금융투자협회, 여신금융협회 등 각 금융협회·중앙회 10곳이 보이스피싱의 최신 사기수법 및 피해 예방법을 알기 쉽게 배울 수 있도록 만든 동영상이 지난 17일 게재됐다.동영상은 사기 유형별로 구분돼 있다. 기관사칭형을 비롯해 대출사기형, 메신저피싱형 등이다. 여기에 피해예방과 대처방법, 금융회사별 피해예방 우수사례 동영상도 확인할 수 있다. 동영상은 전 연령층이 쉽게 이해할 수 있도록 애니메이션 형식으로 제작됐고, 분량은 주제별로 약 5분 내외다. 소비자가 보이스피싱 사기수법을 생생하게 체험할 수 있도록 실제 피싱 사기범 음성자료(그놈 목소리) 및 사기문자 재연화면 등이 활용됐다.금융감독원의 ‘보이스피싱 지킴이’ 홈페이지(https://phishing-keeper.fss.or.kr). /사진제공=금융감독원이 밖에도 금감원은 ‘보이스피싱 지킴이’ 사이트를 통해 보다 자세하게 피해 사례를 제공하고 있다. 피해구제 방법 등도 해당 사이트를 통해 확인할 수 있다."
2021.09.21.,"올 추석에도 ‘스미싱’ 기승… “문자 발신자 확인, URL 클릭 주의”",https://n.news.naver.com/mnews/article/417/0000736777?sid=105,"추석 연휴 주의해야 할 스미싱 위협. /자료제공=이스트시큐리티문자 메시지(SMS)를 통한 피싱 수법인 ‘스미싱’이 올 추석 연휴에 더욱 기승을 부릴 전망이다. 코로나19 상황에 따른 사회적 거리두기로 직접 방문보다 메시지 교환이 늘어나는 틈을 노려 사칭문자가 급증하고 있어 이용자 주의가 요구된다.이스트시큐리티 시큐리티대응센터(ESRC)에 따르면 올해 8월까지 모바일 백신 ‘알약M’을 통해 확인된 스미싱 공격은 14만건을 상회한 것으로 집계됐다. 이어 추석을 앞두고 ‘택배’ ‘5차 재난지원금’ ‘추석 선물·기프티콘 도착’ 등 키워드를 사용하는 스미싱 사례가 증가하고 있는 것으로 확인됐다.SK텔레콤의 분석에서도 추석을 앞두고 의료기관을 사칭해 신체검사 결과 확인을 유도하거나 택배회사를 사칭해 배송 확인 또는 주소지 변경을 유도하는 사례가 급증한 것으로 조사됐다. 특히 국민지원금 신청 시기와 맞물려 정부기관이나 금융사의 정상 메시지로 위장해 지원금 신청 유도, 추석특별자금 신청 안내, 소상공인 지원 안내 등을 사칭하는 스미싱이 증가했다. 가족이 보낸 안부문자로 오인할만한 내용을 담는 등 수법도 다양해졌다.대응방법은 먼저 이렇게 신체검사, 교통범칙금, 택배 배송 안내 등을 가장해 출처를 알 수 없는 앱 설치 또는 인터넷 주소(URL) 접속을 유도할 경우 이를 클릭하면 안 된다. 휴대폰에 악성 앱에 설치될 수 있다. 지인이나 자녀의 안부 메시지를 위장해 악성 URL을 보내는 사례도 있어 특히 스마트폰 사용이 익숙지 않은 노년층의 주의가 요구된다. 만약 앱이 설치됐다면 모바일 백신 등을 활용해 즉시 삭제해야 한다.금융사를 사칭해 저리대출, 재난지원금 신청, 소상공인 특별대출 등을 안내하는 문자를 받았을 경우 메시지에 포함된 전화번호나 안내된 회신번호로 연락하지 않는 게 바람직하다. 만약 통화했더라도 상대방이 카카오톡 등 메신저나 문자로 보내온 URL을 클릭하지 말고 대출신청 요구에도 응하지 않아야 피해를 막을 수 있다. 전문가들은 은행과 카드사 등 금융서비스가 필요할 경우 본인이 직접 금융사를 찾아가는 것을 권고한다.가족이나 지인을 사칭해 문자메시지로 휴대폰 고장·분실을 알리며 개인정보 또는 현금 송금, 선물하기 등을 요구한 사례도 흔히 발생한다. 가족이나 지인이 사고를 당했다거나 친구나 주변 지인 휴대폰을 통해 긴급한 상황에 처했다는 문자를 받았다면 해당 가족이나 지인에게 직접 연락을 취해 메시지 내용이 맞는지 확인한 후 대응해야 한다. 급한 마음에 상대방이 요구하는 신분증, 은행 계좌정보, 송금 요청 등에 응하면 큰 피해를 입을 우려가 있다.검찰, 경찰, 법원 등 사법기관은 어떤 경우에도 금전 이체를 요구하거나 개인 금융거래 정보를 수집하지 않는다고 공식적으로 밝히고 있다. 문자나 전화로 이런 사법기관을 사칭해 범죄에 연루됐다며 접근해오는 경우 해당 기관의 공신력 있는 전화번호 등을 이용해 사실 여부를 확인한 후 대응해야 한다. 검찰의 출석 통지, 구속영장 등 서류에 대한 진위 여부도 서울중앙지검이 운영하는 ‘찐센터’를 통해 확인할 수 있다.이통사별 스팸차단 앱(SKT T전화, KT 후후, LGU+ 후스콜)을 설치해 모르는 번호에 대해 정보 확인 후 스팸문자를 걸러내면 스미싱 피해 예방에도 도움이 된다. 만약 금융 피해 등이 의심되는 일이 발생하면 즉시 해당 금융사 고객센터, 경찰청(112), 금융감독원(1332)으로 문의해 계좌의 지급 정지 등을 신청하는 것이 바람직하다. 한국인터넷진흥원(KISA)에도 스팸 등에 대해 신고할 수 있다.한창규 안랩 시큐리티대응센터(ASEC) 센터장은 “공격자들은 경계심이 느슨해지는 명절을 틈타 다양한 공격을 펼쳐왔다”며 “특히 올 추석은 비대면 환경 속에서 국민지원금, 백신 접종 등의 중요한 사회적 이슈를 활용한 공격이 예상됨에 따라 사용자들의 기본 보안수칙 준수가 필수적”이라고 말했다.추석 연휴 사이버 방역 보안 수칙. /자료제공=안랩"
2021.09.21.,"수수료 논쟁 재점화…카드사""동일기능, 동일규제"" vs 빅테크""비교대상 아냐""",https://n.news.naver.com/mnews/article/277/0004972222?sid=101,"'연매출 30억원 이하' 가맹점 수수료 0.8~1.6%빅테크 결제수수료는 2.0~3.08%[이미지출처=연합뉴스]빅테크(대형 정보통신기업)와 카드사 간 수수료율 논쟁이 재점화 되고 있다. 코로나19 장기화로 영세자영업자들의 경영상황이 악화되면서 정치권을 중심으로 수수료율 인하 논의가 불거지면서다.21일 국회 정무위원회 소속 김한정 더불어민주당 의원실에 따르면, 지난달 말 기준 카드사 우대가맹점 기준인 '연매출 30억원 이하' 가맹점 수수료는 0.8~1.6%인 데 반해, 빅테크 결제수수료는 2.0~3.08%인 것으로 조사됐다. 연매출 3억원 이하 영세 소상공인에 적용되는 수수료의 경우 신용카드는 0.8%, 네이버페이 주문형 결제수수료는 2.2%로 3배 가까이 높은 것으로 나타났다.김 의원은 ""네이버페이, 카카오페이 등 빅테크는 코로나 반사이익으로 크게 성장하고 있으나, 우리사회의 상생이나 고통분담에 동참하려는 의지가 약하다""며 ""코로나로 어려움을 겪고 있는 영세 소상공인이나 자영업자의 고통을 분담하는 차원에서 빅테크의 결제수수료 인하를 적극적으로 추진할 필요가 있다""고 강조했다.이에 대해 네이버페이를 운영 중인 네이버파이낸셜은 신용카드사와 동일 비교 대상이 아니라고 반박했다. 신용카드사에 지급하는 수수료와 주문관리 수수료를 제외한 실질 수수료율은 0.2~0.3%에 불과하다는 주장이다.네이버파이낸셜 측은 ""수수료는 신용카드사에 지급하는 가맹점 수수료와 신용이 낮은 온라인쇼핑몰 부도로 인한 손실 위험을 부담하는 등 결제대행(PG)사 역할에 따른 수수료로 구성된다""며 ""주문형 결제수수료의 경우 PG역할 뿐 아니라 발송·교환·반품 등 판매 관리, 배송추적, 빠른정산 지원, 부정거래 방지(FDS) 등 여러 서비스가 포함돼 있다""고 설명했다. 주문 관리형 네이버페이의 경우 여러 부가 서비스를 제공하므로 결제 기능만 제공하는 신용카드 수수료와 직접 비교하는 것이 적절치 않다는 것이다. 또 네이버페이의 결제수수료와 주문관리수수료 모두 업계 최저 수준이라고 강조했다.하지만 카드업계는 간편결제 시장이 급성장하는 가운데 같은 결제 기능을 제공하는 빅테크들이 규제에서는 벗어나 있다고 지적한다. 카드사는 여신전문금융업법에 따라 3년마다 적격비용 재산정을 통해 수수료율을 조정하지만, 빅테크의 경우 전자금융거래법에 수수료와 관련된 조항이 없다는 것이다. 업계 관계자는 ""발송·교환 등 판매관리를 제외한 정산 지원, 부정거래 방지, 회원 관리 등 서비스는 카드사들도 이미 제공하고 있다""며 ""매년 두 자릿수 성장을 보이고 있는 간편결제 시장에서 같은 결제 서비스를 제공하는데 차별화된 규제를 받고 있다는 점이 형평성에 어긋난다""고 지적했다.실제 한국은행이 발표한 2021년 상반기 국내지급결제 동향에 따르면 모바일기기 등을 통한 결제금액은 일평균 1조1280억원, 이 중 간편결제서비스 이용금액은 일평균 4670억원으로 전체의 41.1%를 차지했다. 특히 간편결제서비스 이용금액 중 핀테크업체가 차지하는 비중은 전체의 63%, 금액으로는 일평균 2,940억원에 달했다."
2021.09.21.,추석 쌈짓돈 잘 굴리면 최고 연 10% 금리 '휘영청',url없음,<네이버 기사 없음>
2021.09.21.,"[픽뉴스] 러시아 대학 총기 난사 / ""백신 맞지 마세요"" / 김범수 석 달 천하 / MB·박근혜의 특식 / 9억 횡령한 여성 경리사원",https://n.news.naver.com/mnews/article/057/0001609078?sid=102,"【 앵커멘트 】  키워드로 살펴보는 오늘의 화제, 픽뉴스 시간입니다.  오늘은 권용범 기자와 이야기를 나눠 보도록 하겠습니다.【 질문 1-1 】  권 기자. 첫 번째 키워드는 뭔가요?【 기자 】  '러 대학서 총기 난사'입니다.【 질문 1-2 】  대학교에서 총기 사건이 일어난 것 같은데, 어디죠?【 기자 】  러시아 중부 도시 페름의 국립연구대학에서 벌어진 일인데요.  현장 영상, 직접 보시겠습니다.  총에 맞은 걸로 보이는 한 남성이 잔디밭에 쓰러져 있습니다.  놀란 학생들은 서둘러 캠퍼스를 빠져나오고, 무장한 경찰들이 들어가는데요.  현지시각 20일 오전 11시쯤 대학 캠퍼스에서 무차별 총기 난사 사건이 발생했습니다.  약 3,000명의 학생이 수업 중이었는데, 최소 6명이 숨지고 24명이 다쳤습니다.【 질문 1-3 】  총격범은 파악됐나요?【 기자 】  이 학교 법학부 1학년 학생이었습니다.  경찰이 저항하는 총격범과 현장에서 총격전을 벌인 끝에 체포했는데, 직접 들어보시죠.▶ 인터뷰 : 칼리닌 / 총격범 제압 경찰- ""총격범이 내게 총을 겨누고 발사했습니다. 그때 저도 총기를 사용했습니다.""  범행 동기는 아직 알려지지 않았습니다.  다만, 총격범이 주변 사람들에 대해 무차별적 증오심을 드러냈던 것으로 전해졌고요.  또, 정신질환에도 합법적으로 총기를 구매한 사실도 드러났습니다.  수사 당국은 총격범을 다중살해 혐의로 입건하고 정식 수사에 착수했습니다.  러시아에서는 지난 5월에도 중부 도시 카잔의 한 대학교에서 총기 난사 사건이 발생해 9명이 숨진 바 있습니다.【 질문 2-1 】  두 번째 키워드는 뭔가요?【 기자 】  '""백신 맞지 마세요""'입니다.【 질문 2-2 】  접종을 독려해도 모자랄 상황인데, 대체 무슨 말인가요?【 기자 】 미국 노스캐롤라이나주에서 이런 문구가 적힌 차량이 포착된 건데요.  사진을 한번 보시면, 장례식장 광고로 보이는 차량에 실제로 백신을 접종하지 말라는 문구가 보입니다.  언뜻 보면 백신 반대론자들이 만든 게 아닌가 싶지만, 반전이 숨어 있었습니다.【 질문 2-3 】  어떤 반전이죠?【 기자 】 바로 밑에 적힌 장례식장 홈페이지에 들어가 보니, 그 답이 있었습니다.  ""지금 예방접종하지 않으면 곧 만나게 될 것""이라는 문구가 나오는데요.  이 문구를 클릭하면 백신 접종 예약 페이지로 연결됩니다.  장례식장에 오고 싶으면 백신을 맞지 말라는 뜻의 접종 독려 캠페인 광고였던 겁니다.  장례식장 역시 가짜였다고 하는데요. 누리꾼들은 ""좋은 마케팅 전략""이라는 칭찬과 동시에 ""코로나19 사망자를 조롱하는 셈""라는 엇갈린 반응을 보였습니다.【 질문 3-1 】  세 번째 키워드는 뭔가요?【 기자 】  '김범수 석 달 천하'입니다.【 질문 3-2 】  석 달 만에 어떤 변화가 생긴 거죠?【 기자 】  블룸버그가 집계하는 세계 500대 부자 순위 결과가 나왔는데요. 이재용 삼성전자 부회장이 약 13조 1,000억 원으로 212위를 차지해 한국인 부자 순위 1위에 올랐습니다.  약 12조 5,000억 원으로 225위에 이름을 올린 김범수 카카오 이사회 의장을 제친 건데요.  김 의장은 불과 석 달 만에 한국 최고 부자 타이틀을 이 부회장에게 반납하게 됐습니다.  서정진 셀트리온그룹 명예회장과 홍라희 전 리움미술관장, 김정주 넥슨 창업자도 순서대로 한국인 5대 부자 순위에 이름을 올렸습니다.【 질문 3-3 】  1위 자리의 주인이 바뀐 이유가 뭔가요?【 기자 】  최근 카카오의 공격적인 사업 확장에 제동이 걸리면서 주가가 하락한 게 직접적인 원인으로 보입니다.  시장 독점과 갑질 논란으로 앞서 금융 당국이 카카오페이 등 금융상품 판매와 관련해 우려를 표한 바 있죠.  여기에 정치권이 카카오에 대한 규제 추진을 예고하자 카카오 주가는 22.4%까지 급락했고, 시가총액이 15조 원 넘게 감소했습니다.  앞으로 김 의장의 카카오 지분까지 줄어들면 순위가 5위권 밖으로 밀려날 수도 있습니다.【 질문 4-1 】  네 번째 키워드는 뭔가요?【 기자 】  '두 대통령의 특식'입니다.【 질문 4-2 】  옥중에 있는 두 대통령 이야기죠?【 기자 】  네, 그렇습니다.  이명박, 박근혜 전 대통령은 이번 추석에도 각각 2번째, 5번째로 나 홀로 옥중 명절을 맞고 있는데요.   교정본부가 코로나19 예방을 위해 추석 연휴 모든 교정시설의 접견을 제한했기 때문입니다.  대면 접견뿐만 아니라 전화 접견도 허용하지 않기로 했습니다. 접견은 안 되지만 그래도 명절이다 보니, 두 전직 대통령을 포함한 재소자들에게는 별도의 특식이 제공됐는데요.  이 전 대통령이 있는 안양교도소에서는 점심때 복숭아와 망고주스가 특식으로 나왔고요.  박 전 대통령이 머무는 서울구치소의 특식은 현미모둠강정과 약과 1봉지였다고 합니다.【 질문 5-1 】  마지막 키워드는 뭔가요?【 기자 】  '간 큰 경리사원'입니다.【 질문 5-2 】  돈과 관련이 있을 것 같은데요?【 기자 】  네, 회삿돈을 횡령한 20대 여성 경리사원이 재판에 넘겨졌는데요.  2018년 7월부터 지난 3월까지 중소기업 6곳과 사단법인 1곳을 옮겨 다니면서 범행을 저지른 것으로 드러났습니다.  회삿돈을 아예 현금으로 뽑아 쓰거나 자신의 계좌로 이체하는 등의 방식으로 횡령한 금액만 총 9억 2,000여만 원에 달했습니다.  이 경리사원은 800여만 원을 횡령한 혐의로 불구속 기소되고서도 횡령한 돈으로 다른 회사에서 횡령한 돈을 갚는 범행을 이어갔는데요. 결국, 재판 도중 구속영장이 발부돼 수감된 상태로 재판대에 서게 됐습니다.  재판부는 ""범행의 죄질이 매우 불량하다""며 징역 6년의 실형을 선고했습니다.【 앵커멘트 】  오늘 여기까지 듣겠습니다.  지금까지 권용범 기자였습니다.   영상편집 : 이주호  그래픽 : 박성훈  #MBN #픽뉴스 #러시아 #대학교 #총기난사 #백신 #장례식장 #김범수 #카카오 #이재용 #삼성전자 #이명박 #박근혜 #경리사원 #횡령 #김주하앵커 #권용범기자"
2021.09.21.,"""패배자 새X""…與, 이번엔 청년대변인 막말 논란",https://n.news.naver.com/mnews/article/215/0000985847?sid=100,"더불어민주당 하헌기 청년대변인(상근 부대변인)이 자신을 비판한 개그맨에게 막말한 것으로 알려져 논란이다.21일 조선일보에 따르면 하 청년대변인은 이달초 다른 사람의 전화기를 사용해 개그맨 윤정섭 씨에게 전화를 걸어 ""씨X새X, 패배자 새X"" 등 욕설을 했다.이는 지난달 31일 하 청년대변인이 한 주간지에 기고한 '극우 유튜버의 구속, 왜 유튜브는 가만히 있을까' 칼럼이 발단이 된 것으로 알려졌다.하 청년대변인은 유튜브에서 벌어지는 명예훼손·모욕 등 범죄에 대해 운영사인 유튜브에도 책임을 물어야 한다는 내용을 담은 이 글을 기고하면서 고(故) 박원순 전 서울시장 재임 시절 서울시와 기타리스트 신대철 씨 간 유착 의혹을 제기한 유튜버 최일환 씨의 사진을 함께 게재했다.이에 개그맨 윤 씨는 지난 3일 인터넷 영상을 통해 과거 최 씨로부터 비판을 당한 하 청년대변인이 자신과 친한 언론사를 이용해 개인의 앙갚음을 한 것이라는 취지의 발언을 했고, 얼마 지나지 않아서 하 청년대변인으로부터 욕설 전화를 받았다고 주장했다.하 청년대변인은 연합뉴스와 통화에서 ""공적인 발언이 아닌 사적인 이야기였지만, 욕설을 하는 것 자체가 부적절했다. 반성하고 있다""면서도 ""(윤씨는) 개그맨이 아닌 보수 유튜버이고, 제가 '헬마우스' 유튜브채널을 운영할 때부터 조금씩 분쟁이 있었다. 페이스북, 카카오톡 등 개인 SNS를 통해 지속적으로 스토킹 수준의 괴롭힘을 당했고, 그만하라는 취지로 전화를 걸었던 것""이라고 주장했다.관련해 국민의힘 대권주자인 윤석열 전 총장 캠프는 김인규 부대변인 논평을 통해 ""더불어민주당은 쌍욕을 뱉은 청년대변인을 즉각 경질하고 출당하라""고 촉구했다.김 부대변인은 앞서 민주당 김승원 의원이 언론중재법 본회의 상정 무산을 놓고 박병석 국회의장을 향해 'GSGG'라는 표현으로 물의를 빚었던 일과 싸잡아 ""여당에선 욕설과 막말을 잘하면 출세한다는 문화가 있는지 몰라도 듣는 국민의 마음은 매우 불편할 것""이라고 말했다.(사진=연합뉴스TV/유튜브 캡처)"
2021.09.21.,비대면대출 잔액 111.7조원…3년 반 새 2.8배 ↑,url없음,<네이버 기사 없음>
2021.09.21.,`대세는 핀테크` 추석 명절 눈여겨 볼 이벤트는,https://n.news.naver.com/mnews/article/018/0005042206?sid=105,"`송금 봉투`로 인사 전하고, 용돈도 받고“결제금액 최대 100% 돌려줘요” 각종 결제 이벤트도[이데일리 이후섭 기자] 추석 명절 기간 핀테크 업계는 비대면 안부 인사를 전하는 송금 봉투, 송금 수수료 무료 등의 이벤트를 진행한다. 또 `핀트카드`로 결제하거나 `페이코(PAYCO)`로 결제할 경우 결제 금액의 최대 100%를 포인트로 돌려주는 이벤트도 마련돼 눈길을 끈다.`송금 봉투`로 인사 전하고, 용돈도 받고21일 업계에 따르면 카카오페이, 센트비, NHN페이코, 핀트 등이 추석을 맞아 각종 이벤트를 진행하고 있다. 카카오페이는 추석 시즌을 맞아 `행복한가위`와 `한가위용돈` 송금 봉투 2종을 추가했다. 카카오페이의 신규 봉투에는 카카오프렌즈의 `라이언`과 춘식이`가 그려졌으며, 송금 봉투를 받으면 송편과 감이 쏟아지는 효과를 넣어 명절 분위기를 더했다. 이를 기념해 오는 22일까지 최대 200만 카카오페이포인트를 지원하는 `한가위 지원금` 이벤트도 진행한다. 송금 봉투로 10만원 이상 송금 시 선착순으로 `용돈 지원금`을 지급한다. 선착순 200만건에 대해 카카오페이포인트를 50포인트부터 최대 200만포인트까지 랜덤으로 제공하며, 지급이 모두 완료되면 이벤트는 자동 종료된다.센트비는 오는 22일까지 한국에 있는 가족, 지인에게 송금하는 고객들을 위해 `센트비 한가WEEK 프로모션`을 진행한다. 이벤트 기간 동안 인도네시아와 싱가포르에서 한국으로송금하는 모든 고객에게 송금 수수료 전액을 무료로 지원한다. 또 인도네시아, 싱가포르에서 한국으로 건당 100만원 이상 송금하는 고객 가운데 추첨을 통해 총 300만원의 센트비 캐시백 혜택도 제공한다.센트비는 국내 핀테크 업계 최초로 지난해 인도네시아와 싱가포르발 해외 송금 서비스를 출시했다. 해당 국가에서 전 세계 50개 국가로 24시간 실시간 해외 송금이 가능하며, 송금 후 평균 5분 만에 수취할 수 있다.“결제금액 최대 100% 돌려줘요” 각종 결제 이벤트도 인공지능(AI) 간편투자 금융 플랫폼 `핀트(Fint)`를 운영하는 디셈버앤컴퍼니자산운용은 핀트카드 이용 시 결제 금액의 최대 100%를 핀트머니로 돌려주는 `추석 용돈 이벤트`를 마련했다.오는 10월 8일까지 핀트카드를 이용하는 모든 고객을 대상으로 카드 결제 시마다 최소 5%부터 최대 100%에 해당하는 결제 금액을 핀트머니로 즉시 지급한다.핀트카드는 BC카드와 제휴해 지난 7월 선보인 선불형 체크카드로 발급비용과 연회비가 없으며, 수익률과 시장 상황 예측에 따라 결제 금액의 최대 0.7%를 적립할 수 있다. 핀트카드 결제를 통해 쌓인 적립금은 앱 내 `지갑` 카테고리의 `잔돈저금통`에서 확인 가능하다. 적립금은 핀트머니로 전환해 사용하거나 1만원 이상을 모아 실제 핀트 투자금으로 입금·운용할 수 있다. NHN페이코는 애플 앱스토어에서 페이코로 첫 결제 시 최대 3만 포인트를 제공하는 이벤트를 진행한다. 오는 10월 15일까지 애플 앱스토어에서 페이코로 처음 결제하는 이용자를 대상으로 100% 당첨을 보장하는 포인트 선물상자를 제공한다. 선물상자를 받은 선착순 1만명에게는 최소 3000포인트부터 최대 3만포인트까지 랜덤으로 페이코 포인트가 지급된다. 이벤트 당첨 포인트와 더불어 페이코 포인트 결제 시 기본 적용되는 2% 적립 혜택도 그대로 제공된다."
2021.09.21.,상반기 마통 65만개 뚫었다…30대 신규 취급액만 7조3000억,url없음,<네이버 기사 없음>
2021.09.21.,"하만 코리아, 기아타이거즈와 공동마케팅",https://n.news.naver.com/mnews/article/014/0004711920?sid=101,"[파이낸셜뉴스] 하만 인터내셔널 코리아는 프로야구 구단 KIA타이거즈와 함께 홈구장인 광주 챔피언스필드 및 SNS 채널을 통해 홈 팬을 대상으로 2021년 프로야구 시즌 하반기 공동 마케팅을 진행한다.   KIA타이거즈의 모기업인 기아자동차와의 인연으로 시작된 하만과 KIA타이거즈의 공동 마케팅은 2015년부터 진행되고 있으며 KIA타이거즈 홈경기 관중에게 하만의 오디오 브랜드를 경험할 수 있는 다양한 브랜드 체험 행사를 선보이고 있다.     올해는 2021년 시즌 하반기 KIA타이거즈 홈구장인 광주 챔피언스필드에서 경기를 관람하는 관중에게 매 경기 추첨을 통해 하만카돈 블루투스 스피커를 경품으로 제공하며 코로나19 펜데믹 상황 속에서 랜선으로 경기를 관람하는 팬들을 위해 '오늘의 라인업 & 승리의 필드 with 하만카돈' 소식을 정기 콘텐츠로 제작, KIA타이거즈의 SNS 채널(인스타그램, 트위터, 카카오 페이지)에서 제공한다.   특히 9월에는 추석 연휴 포함 21일~26일까지 하만카돈 브랜드와 함께하는 랜선 응원 이벤트 '나에게 힘이 되는 노래를 KIA타이거즈 선수들에게 보내주세요'를 진행한다. KIA타이거즈 공식 멤버십 앱에서 선수들에게 응원 노래를 추천하는 팬들에게 추첨을 통해 하만카돈 블루투스 스피커 '사운드스틱 4(SOUNDSTICKS 4)'와 '네오(NEO)'를 경품으로 증정한다. 당첨자 확인은 9월 30일 오후 5시 이후 KIA타이거즈 공식 멤버십 앱에서 가능하다.   하만 인터내셔널 코리아는 기아자동차 국내 판매 모델에는 렉시콘 브랜드 카오디오 시스템과 JBL 브랜드 카오디오 시스템, 해외 판매 모델에는 하만카돈 브랜드 카오디오 시스템을 공급하고 있다. 기아자동차 고성능 프리미엄 세단 스팅어, 최고의 프리미엄 SUV 모하비, 최고급 플래그십 세단 THE K9에는 렉시콘 프리미엄 사운드 시스템 그리고 해외 북미전용 SUV 모델 텔루라이드에는 하만카돈 사운드 시스템을 제공하며 지속적으로 브랜드 콜라보레이션을 진행하고 있다."
2021.09.21.,"하만 코리아, 기아타이거즈와 공동마케팅",https://n.news.naver.com/mnews/article/014/0004711920?sid=101,"[파이낸셜뉴스] 하만 인터내셔널 코리아는 프로야구 구단 KIA타이거즈와 함께 홈구장인 광주 챔피언스필드 및 SNS 채널을 통해 홈 팬을 대상으로 2021년 프로야구 시즌 하반기 공동 마케팅을 진행한다.   KIA타이거즈의 모기업인 기아자동차와의 인연으로 시작된 하만과 KIA타이거즈의 공동 마케팅은 2015년부터 진행되고 있으며 KIA타이거즈 홈경기 관중에게 하만의 오디오 브랜드를 경험할 수 있는 다양한 브랜드 체험 행사를 선보이고 있다.     올해는 2021년 시즌 하반기 KIA타이거즈 홈구장인 광주 챔피언스필드에서 경기를 관람하는 관중에게 매 경기 추첨을 통해 하만카돈 블루투스 스피커를 경품으로 제공하며 코로나19 펜데믹 상황 속에서 랜선으로 경기를 관람하는 팬들을 위해 '오늘의 라인업 & 승리의 필드 with 하만카돈' 소식을 정기 콘텐츠로 제작, KIA타이거즈의 SNS 채널(인스타그램, 트위터, 카카오 페이지)에서 제공한다.   특히 9월에는 추석 연휴 포함 21일~26일까지 하만카돈 브랜드와 함께하는 랜선 응원 이벤트 '나에게 힘이 되는 노래를 KIA타이거즈 선수들에게 보내주세요'를 진행한다. KIA타이거즈 공식 멤버십 앱에서 선수들에게 응원 노래를 추천하는 팬들에게 추첨을 통해 하만카돈 블루투스 스피커 '사운드스틱 4(SOUNDSTICKS 4)'와 '네오(NEO)'를 경품으로 증정한다. 당첨자 확인은 9월 30일 오후 5시 이후 KIA타이거즈 공식 멤버십 앱에서 가능하다.   하만 인터내셔널 코리아는 기아자동차 국내 판매 모델에는 렉시콘 브랜드 카오디오 시스템과 JBL 브랜드 카오디오 시스템, 해외 판매 모델에는 하만카돈 브랜드 카오디오 시스템을 공급하고 있다. 기아자동차 고성능 프리미엄 세단 스팅어, 최고의 프리미엄 SUV 모하비, 최고급 플래그십 세단 THE K9에는 렉시콘 프리미엄 사운드 시스템 그리고 해외 북미전용 SUV 모델 텔루라이드에는 하만카돈 사운드 시스템을 제공하며 지속적으로 브랜드 콜라보레이션을 진행하고 있다."
2021.09.21.,금융노조 “10월 15일 총파업”… 점심시간 태업하겠다지만 ‘글쎄’,https://n.news.naver.com/mnews/article/023/0003641590?sid=101,"비대면 금융 시대에 지점 파업 효과 의문5년 전 파업 때도 “문제 없었다”금융노조는 9월 16일 연 지부대표자 회의에서 올해 총파업 계획을 확정했다. /금융노조										4.3% 임금 인상률을 요구하고 있는 금융노조가 10월 15일 총파업에 돌입하기로 했다. 총파업 이틀 전인 10월 13일에는 전 조합원이 점심시간을 동시 사용하는 ‘태업’을 하기로 했다. 사실상 점심시간에 은행 점포를 폐쇄하겠다는 것이다. 금융노조는 지난 16일 지부대표자회의를 개최해 ‘2021년 금융노조 임단투 투쟁방향’을 확정했다. 당초 오는 24일부터 중식시간 태업 투쟁을 하기로 했지만 최종 계획은 10월로 늦춰졌다.금융노조 ”23일부터 철야농성”							금융노조는 23일부터 지도부가 철야농성에 돌입하면서 총파업 전운을 확산시키겠다는 계획을 세웠다. 27일 전체 사업장 노사대표 전원이 한 자리에서 교섭하는 공동교섭을 추진한다는 방침이다. 모든 조합원의 ‘점심 시간 동시 사용’ 태업은 10월 13일에 실시하기로 했다. 총파업은 10월 15일 돌입할 예정인데, 재택 파업이나 거점 점거 등 방식이 거론되고 있다.노조 측은 임금 인상률 외에 중식 시간을 동시 사용하게 해달라는 명분도 내세우고 있다. 박홍배 금융노조 위원장은 “중식 시간 동시사용 합의에 진척이 없는 것은 은행 영업점 근무 경험이 없는 일부 사측 관계자들이 금융 소비자를 핑계로 몽니를 부리고 있기 때문”이라고 밝혔다.김형선 기업은행지부 위원장은 “영업점의 금융 노동자들은 노동자의 기본권인 1시간 휴게 시간 보장도 누리지 못하고 있다”면서 “법정으로 보장된 휴게 시간은 사측의 재량권이 아니다”라고 말했다.임금인상률 노조 4.3%, 사측 1.2% 제시							노조가 중식 시간을 내세우고 있지만, 결국 관건은 임금 인상률이다. 지난 7월 협상을 시작한 금융 노사 임금 조정회의에서 노조는 5.8% 임금 인상률을 요구했고, 사측은 0.9%를 제시했다. 지난달 2차 조정회의에서 노측 4.3%, 사측 1.2%를 제시해 간극이 좁혀졌지만 격차는 여전히 크다. 임금 조정위원들이 제시한 조정안은 2.2%였는데 노조가 거부했다.한 시중은행 관계자는 “노조 측은 올해 은행이 사상 최대 실적을 낼 가능성이 크다는 점을 명분으로 내세우고 있지만 영업을 열심히 한 결과가 아니라 정부의 대출 옥죄기의 반사 이익이라는 점은 누구나 알 것”이라고 말했다. 초저금리 상황에서 대출 증가세를 억제하기 위해 은행들이 대출 금리를 올리다 보니, 결과적으로 싼 비용에 돈을 끌어와 비싸게 대출을 내주는 구조가 됐다. 제동을 걸어야 할 금융 당국은 가계 부채 증가세를 막아야 한다는 목적을 달성하기 위해 은행의 이 같은 행태를 문제 삼지 않았다.은행원들의 평균 연봉은 이미 다른 업종보다도 월등히 높은 수준이다. 지난해 은행원 평균 연봉은 1억원을 넘어섰다. KB국민은행 직원의 평균 연봉은 1억400만원, 신한은행은 9600만원이었고 하나은행(9700만원)과 우리은행(9500만원)도 억대 연봉을 목전에 두고 있다. 모든 업종 중 유일하게, 금융업 종사자의 시급은 올해 1분기 5만원을 넘어섰다. 최저 임금(8720원)의 6배 수준이다.주요 금융 앱 월 사용자 5년전 총파업, 은행 잘 돌아가 ‘머쓱’							“점심시간에 셔터를 닫겠다”는 엄포에도 금융권에선 긴장하는 분위기가 감지되지 않고 있다. 비대면 금융 확산하는 가운데 지난해 코로나 사태 이후 은행 창구를 찾는 고객들의 발길은 더 줄어 ‘나홀로 파업’이 될 가능성이 크기 때문이다. 금융노조는 2016년에도 총파업에 나섰지만 참여 인원도 적었고 업무에 아무 지장이 없어 민망한 상황이 연출되기도 했다.지점이 ‘0개’인 카카오뱅크가 시가총액 1위 금융사로 올라선 와중에, 지점 영업을 볼모로 잡은 노조의 파업이 역효과만 불러오리라는 전망도 나온다. 우리금융그룹이 발표한 상반기 실적자료에 따르면, 우리은행에서 올해 상반기 비대면으로 이뤄진 신용대출은 전체 건수의 67%에 달했다. 2019년 29%, 2020년 56%에 이어 올해 그 비중이 더 늘었다. 적립식예금 중 비대면 비중은 2019년 81%, 2020년 85%에 이어 올해 상반기에는 89%로 90%에 육박했다. 펀드 상품 비대면 가입 비중도 2019년 62%에서 올해 상반기 84%로 높아졌다.다른 은행도 마찬가지다. 하나은행의 신용대출 가운데 비대면 비중은 2019년 82%에서 올해 2분기 88%로 꾸준히 늘었다. KB국민은행의 적립식예금 중 비대면 판매 비중도 2019년 40%에서 올해 상반기 54%로 증가했다. 신한은행의 대출 거래 중 비대면 비중은 2019년 45%, 2020년 56%, 올해 상반기 61%로 늘어나고 있다."
2021.09.21.,상반기 마통 65만개 뚫었다...새로 나간 대출 23조,https://n.news.naver.com/mnews/article/119/0002531809?sid=101,"3040세대 19만8000개 계좌 개설서울 중구의 한 은행 대출 창구 모습. ⓒ데일리안 류영주 기자[데일리안 = 백서원 기자] 올해 상반기 국내 은행에서 마이너스통장(마통)이 65만개 개설돼 23조원의 대출이 새로 나간 것으로 집계됐다. 19개 은행 중 수출입·중소기업은행을 제외한 17개 은행을 대상으로 확인한 결과다.21일 국회 정무위원회 소속 더불어민주당 전재수 의원이 금융감독원에서 받은 자료에 따르면 지난 1∼6월에 새로 개설된 마통 대출 계좌는 총 65만3000건으로 나타났다.연령별로는 30대와 40대가 각각 19만8000개, 50대가 13만9000개의 마통 계좌를 새로 만들었다. 이어 60대 이상 5만8000개, 20대 이하 6만1000개 순이었다.올 1∼6월에 마통 대출로 새로 나간 금액(신규 취급액·한도금액 기준)은 23조3000억원이었다.30대가 가장 많은 7조8000억원을 기록했고 40대가 7조5000억원으로 뒤를 이었다. 다음으로 50대 4조9000억원, 20대 이하 1조9000억원, 60대 이상 1조2000억원 순이었다.상반기에도 마통 대출을 받는 수요가 줄지 않으면서 지난 6월말 기준 국내 17개 은행의 마통 대출 잔액(차주가 한도금액 내에서 실제로 이용 중인 금액)은 60조원을 돌파했다. 마통 대출 잔액은 2017년 말 45조1000억원, 2018년 말 49조4000억원, 2019년 말 51조7000억원, 지난해 말 58조원, 올해 6월말 60조8000억원으로 증가 추세다.다만 마통 대출 계좌 수는 작년 말 최대치를 찍은 뒤 소폭 줄었다. 마통 대출 계좌는 2017년 말 462만8000건, 2018년 말 468만9000건, 2019년 말 478만건, 2020년 말 493만9000건으로 계속 늘다가 지난 6월 말 기준 491만6000건으로 감소했다. 마통 대출 기한이 만료된 후 연장 또는 재약정하지 않는 경우가 늘어난 데 따른 것으로 추정된다.금융당국이 작년 하반기부터 마통 대출 조이기를 강화했지만 올해 상반기에도 여전히 마통 대출이 많이 나간 셈이다.그러나 하반기 신규 마통 개설 건수가 늘더라도 마통 대출 잔액 증가세는 주춤하거나 꺾일 것으로 전망된다. 최근 은행들이 금융당국의 가계대출 증가율 억제 기조에 따라 마통 대출 한도를 대폭 줄인 영향이다. KB국민·신한·하나·우리·NH농협 등 5대 은행의 마통 한도는 최대 5000만원으로 축소됐다. 카카오뱅크의 경우 3000만이 최대다."
2021.09.21.,추석에 현금만?...이제 주식 선물하세요,https://n.news.naver.com/mnews/article/277/0004972121?sid=101,"최근 증권사들이 추석 명절을 맞이해 내놓은 '주식 선물하기' 관련 서비스가 큰 인기를 얻고 있다. 주식 선물은 작년부터 이어진 증시 호황으로 주식투자가 전 국민적인 관심사로 떠오른 만큼 특별함은 물론 쏠쏠한 수익까지 두 마리 토끼를 기대해볼 수 있는 장점을 지닌다.21일 증권업계에 따르면 NH투자증권은 지난 16일부터 모바일트레이딩시스템(MTS)을 통해 상대방의 이름과 휴대폰 번호만으로 고객이 보유한 주식을 선물할 수 있는 '주식 선물하기' 서비스를 선보였다. 최근 MZ세대를 중심으로 주식투자가 문화처럼 인식되면서 친구와 주식에 대한 뉴스와 이야기를 공유하는 게 일상이 됐다. 투자자들은 이 서비스를 통해 투자 경험이 없는 지인에게 주주가 돼 기업을 투자해보는 경험을 공유할 수 있다.토스증권 역시 주식 선물하기 서비스를 제공 중이다. 선물 받는 사람의 계좌 정보를 모르더라도 이름과 전화번호만 알면 간편하게 주식을 선물할 수 있다. 7월 처음 선보인 후 8월 말 기준 이용 건수는 총 4만건에 이른다.선물을 받는 사람이 직접 주식을 살 수 있는 주식 투자 상품권도 꾸준히 인기를 끌고 있다. 한국투자증권은 작년 3월부터 업계 최초로 온라인 쇼핑몰 등을 통해 주식·펀드·발행어음 등 모든 금융투자상품에 투자할 수 있는 금융상품권을 판매하고 있다. 지난달 말까지 누적으로 575만장이 팔렸다. 금액으로는 2690억원 규모다. 방법도 간단하다. 모바일 쿠폰 번호를 증권사 MTS에 입력하면 선물 받은 사람이 받은 금액대에 맞게 원하는 주식을 살 수 있는 방식이다.신한금융투자는 작년 12월부터 카카오톡 선물하기를 통해 해외주식상품권(스탁콘)을 판매하고 있다. 스타벅스 4100원, 디즈니 1만원, 넷플릭스 1만2000원, 애플 2만5000원, 테슬라 3만원, 아마존 5만원 등 액수를 정해 선물할 수 있다. 지난달 말 누적으로 판매량 4만7000건, 판매금액은 7억5500만원을 기록했다. 해외주식 종목을 소수점 자리까지 구매할 수 있는 것이 장점이다. 상품권 금액만큼 언급된 종목이나 투자를 원하는 다른 종목(소수점 가능 종목 내)을 매수할 수 있다.3월 말부터 국내 주식을 살 수 있는 주식 상품권을 판매하고 있는 KB증권도 지난달까지 약 100만건·170억원어치를 판매했다. 2월 출시된 이베스트투자증권의 주식 상품권은 구매 상품권 구입가의 5%를 더해 국내·해외주식 등에 투자할 수 있다. 10만원 이상 구매 시에는 5000원 추가 증정 이벤트를 진행하고 있다."
2021.09.21.,전인구 전인구경제연구소장 | 100억원대 자산가 청년이 말하는 ‘大選 앞두고 주목할 주식’,url없음,<네이버 기사 없음>
2021.09.21.,“만병통치 관장 기구 팔면 고수익” 무등록 다단계 사기 일당 기소,https://n.news.naver.com/mnews/article/056/0011123985?sid=102,"만병통치 효과가 있는 관장기구를 다단계 방식으로 팔면 고수익이 난다고 속여 탈북민과 노인 등에게 수억 원을 뜯어낸 일당이 재판에 넘겨졌습니다.  서울중앙지검 형사4부는 지난 13일 다단계업체 대표 A 씨와 A 씨의 아들 등 4명을 사기와 방문판매 등에 관한 법률 위반 혐의로 불구속 기소했습니다.  A 씨 등은 2017년 10월부터 2019년 3월까지 교회 등에서 판매원들을 모아놓고 관장 기구가 만병통치 효과가 있다고 홍보한 뒤, 제품을 팔면 하위 판매원들의 판매 활동으로 매달 1천만 원의 직급수당을 받을 수 있다고 속여 탈북민과 노인 등 23명에게 계약금 등 명목으로 6억 5,700만 원을 뜯어낸 혐의를 받고 있습니다.  검찰은 A 씨 등이 수사를 회피하기 위해 반복해서 이송 신청을 하는 바람에 수사가 장기화됐지만, 관련 사건기록 여러 건을 종합해 면밀히 비교 분석한 결과 결국 범행이 드러났다고 설명했습니다.■ 제보하기▷ 카카오톡 : 'KBS제보' 검색▷ 전화 : 02-781-1234▷ 이메일 : kbs1234@kbs.co.kr▷ 뉴스홈페이지 : https://goo.gl/4bWbkG"
2021.09.21.,'기업인 때리기' 재연되나… 국감 앞둔 재계 '한숨',https://n.news.naver.com/mnews/article/417/0000736773?sid=101,"국감을 앞두고 기업인 망신주기 국감에 대한 우려가 커진다. / 사진=뉴시스정기 국정감사를 앞두고 재계의 시름이 커진다. 주요 기업인들을 국감 증인으로 소환해 호통국감·망신주기 국감이 반복될 것이란 우려때문이다. 21일 재계에 따르면 국회가 오는 10월1일부터 21일까지 3주에 걸쳐 정기 국감을 실시할 예정인 가운데 주요 상임위는 벌써부터 기업인 줄소환을 예고하고 있다.국회 농림축산식품해양수산위원회는 삼성·현대차·SK·LG 등 4대그룹 대표이사들을 증인으로 부를 예정이다.지난해에는 부사장급 임원들이 출석 요구를 받은 반면 올해는 최고경영자(CEO)를 불러 농어촌상생협력기금 출연실적이 저조한 이유 등을 추궁할 것으로 알려졌다.농해수위는 또한 한성숙 네이버 대표, 여민수 카카오 공동대표를 증인으로 소환해 동물용 의약품 온라인 불법 거래 등을 물을 방침이다.함영준 오뚜기 대표, 신동원 농심 대표, 송자량 삼양사 대표, 구지은 아워홈 대표 등 유통업계 대표들도 불러 농산물 무관세 혜택 기업과 농어촌 상생 방안 등을 점검한다.정무위원회는 김범수 카카오 의장과 강한승 쿠팡 대표, 배보찬 야놀자 대표 등 플랫폼 기업 대표들을 증인으로 소환해 독점과 불공정 문제 등에 대한 책임을 묻기로 했다.아울러 차석용 LG생활건강 부회장, 권남희 머지포인트 대표, 홍원식 남양유업 회장, 박정호 SK텔레콤 대표도 줄줄이 소환할 것으로 전해진다.국감 일정이 다가올 수록 기업인을 증인으로 신청하는 사례는 더욱 늘어날 것으로 예상된다. 국회는 매년 국감에서 기업인들을 줄소환 해 공격적으로 질문을 쏟아내면서 정작 답변하려는 증인들의 말을 자르거나 해명할 기회조차 제대로 주지 않아 ‘호통 국감’, ‘망신주기 국감’ 논란을 되풀이 해왔다.재계 관계자는 “국감은 기업인 감사가 아니라 국정운영 실태 전반을 점검하는 자리”라며 “경영에 집중해야 할 기업인들을 무분별하게 소환해 망신을 주려는 구태를 벗어나야 한다”고 지적했다."
2021.09.21.,"[분석+] 일찌감치 찾아온 배당주 관심...""금융주 잘 살펴라""",url없음,<네이버 기사 없음>
2021.09.21.,"""무조건 연 2% 금리""...토스뱅크 열기도 전에 '돌풍'",url없음,<네이버 기사 없음>
2021.09.21.,"""이번엔 꼭 살 뺀다"" ""늦잠 안잘거야""…목표 달성시 앱이 상금까지 준다",https://n.news.naver.com/mnews/article/008/0004647400?sid=101,"서울 마포구의 한 헬스장에서 시민들이 운동을 하고 있다./사진=뉴스1""추석까지만 마음껏 먹고 살빼야지"" ""연말까지는 꼭 일주일에 1권씩 독서할거야""이번 명절에 세운 계획들은 성공할 수 있을까. 계획을 '작심삼일'에 그치지 않도록 도와주는 애플리케이션들이 주목받고 있다. 목표달성을 위해 지속적으로 피드백하고 성공 시 보상까지 제공하는 습관형성 앱들이다.━""돈이 걸리면 성공률이 높아진다""…강력한 습관형성 앱 챌린저스━화이트큐브가 운영하는 습관형성 앱 '챌린저스'는 '참가비'와 목표성공 시 '환급' 방식을 도입했다. 1만원부터 20만원까지 참가비를 내고 목표에 도전한 뒤 실천할 때마다 인증샷을 찍어 85% 이상 달성하면 참가비를 환급받는 방식이다. 85%를 기준으로 그 이상의 성공률을 보이면 추가적인 상금도 받을 수 있다. 대표적인 목표는 늦잠자지 않기, 걷기, 책읽기, 건강보조식품 챙겨먹기 등이다. 이미 제시된 미션 중 선택할 수도 있고 목표를 직접 만들 수도 있다. '평일에 일찍 일어나기'목표는 올해 1월부터 8월까지 누적 참가금액만 82억원을 기록하는 등 사용자들의 관심이 가장 높은 목표다.화이트큐브 측은 ""돈을 걸면 의지가 달라진다""며 ""무언가를 꾸준히 실천하기 위해서는 의지보다 반드시 해내야만 하는 환경이라는 결론을 얻었고, 스스로 돈을 걸고 실천해 나가는 습관형성 플랫폼 챌린저스를 만들게 됐다""고 말했다.━스마트폰이 시시각각 '코치'…글로벌 MZ 여심 공략한 루티너리━참가비가 부담스럽다면 가볍게 도전할 수 있는 '루티너리'도 습관형성 앱으로 주목받는다. 스마트폰 알람 기능을 활용해 나만의 습관을 만들 수 있도록 돕는 앱이다. 미리 세팅된 습관 리스트를 추가하거나 본인이 계획하는 습관을 직접 등록하면 필요할 때마다 스마트폰 앱이 알람을 보낸다. 타이머 기능까지 있어 앱이 시키는 대로 활동하기만 하면 된다.단순한 원리지만 목표를 위해 올바른 습관을 형성하려는 수요에 직관적인 앱 인터페이스(UI·UX) 등으로 차별점을 뒀다. 한 눈에 사용자의 습관을 분석해주는 기능도 루티너리만의 특징이다. 이같은 특징으로 루티너리는 지난달(8월)에는 중소벤처기업부와 구글플레이의 스타트업 지원사업 '창구 프로그램' 톱5에 선정됐다.밀레니얼(MZ) 세대 중심으로 관심도도 높다. 이달 초에는 출시 1년 6개월만에 전세계 다운로드 80만건을 기록했다. 영어권, 스페인어권 등 해외 사용자 비율도 83%에 달한다. 특히 MZ 여성들의 호응도가 높다. 루티너리 측은 ""가입자의 80%가 10~30대 여성""이라고 밝혔다. ━'동료'가 있어야 목표도 달성…야나두의 유캔두━카카오 계열사 야나두도 목표달성 서비스 '유캔두'를 운영한다. 공부 뿐 아니라 운동, 독서, 취미, 다이어트 등 자기계발과 관련된 전 분야의 목표달성을 지원한다. 유캔두의 특징은 커뮤니티다. 각 목표마다 커뮤니티가 꾸려져 자유롭게 소통하면서 달성 어려움이나 성취감 등을 공유할 수 있다. 성공지원금을 주는 스폰서가 프로모션을 개발하면 달성 시성공지원금도 제공받는다. 상품권, 커피쿠폰 등으로 현금화가 가능해 목표달성을 돕는다. 야나두 측은 ""작은 생활습관에서부터 취미, 자기계발까지 모두 비대면으로 슬기롭고 재미있게 해결하려는 것""이라며 ""보상과 인증, 함께 하는 동료가 있어 목표를 세우고 실천하기에는 유캔두가 최적의 서비스""라고 말했다.[머니투데이 미디어 액셀러레이팅 플랫폼 '유니콘팩토리']"
2021.09.21.,국내은행서 상반기 마통 65만개 개설…대출 23조,url없음,<네이버 기사 없음>
2021.09.21.,"""이번엔 꼭 살 뺀다"" ""늦잠 안잘거야""…목표 달성시 앱이 상금까지 준다",https://n.news.naver.com/mnews/article/008/0004647400?sid=101,"서울 마포구의 한 헬스장에서 시민들이 운동을 하고 있다./사진=뉴스1""추석까지만 마음껏 먹고 살빼야지"" ""연말까지는 꼭 일주일에 1권씩 독서할거야""이번 명절에 세운 계획들은 성공할 수 있을까. 계획을 '작심삼일'에 그치지 않도록 도와주는 애플리케이션들이 주목받고 있다. 목표달성을 위해 지속적으로 피드백하고 성공 시 보상까지 제공하는 습관형성 앱들이다.━""돈이 걸리면 성공률이 높아진다""…강력한 습관형성 앱 챌린저스━화이트큐브가 운영하는 습관형성 앱 '챌린저스'는 '참가비'와 목표성공 시 '환급' 방식을 도입했다. 1만원부터 20만원까지 참가비를 내고 목표에 도전한 뒤 실천할 때마다 인증샷을 찍어 85% 이상 달성하면 참가비를 환급받는 방식이다. 85%를 기준으로 그 이상의 성공률을 보이면 추가적인 상금도 받을 수 있다. 대표적인 목표는 늦잠자지 않기, 걷기, 책읽기, 건강보조식품 챙겨먹기 등이다. 이미 제시된 미션 중 선택할 수도 있고 목표를 직접 만들 수도 있다. '평일에 일찍 일어나기'목표는 올해 1월부터 8월까지 누적 참가금액만 82억원을 기록하는 등 사용자들의 관심이 가장 높은 목표다.화이트큐브 측은 ""돈을 걸면 의지가 달라진다""며 ""무언가를 꾸준히 실천하기 위해서는 의지보다 반드시 해내야만 하는 환경이라는 결론을 얻었고, 스스로 돈을 걸고 실천해 나가는 습관형성 플랫폼 챌린저스를 만들게 됐다""고 말했다.━스마트폰이 시시각각 '코치'…글로벌 MZ 여심 공략한 루티너리━참가비가 부담스럽다면 가볍게 도전할 수 있는 '루티너리'도 습관형성 앱으로 주목받는다. 스마트폰 알람 기능을 활용해 나만의 습관을 만들 수 있도록 돕는 앱이다. 미리 세팅된 습관 리스트를 추가하거나 본인이 계획하는 습관을 직접 등록하면 필요할 때마다 스마트폰 앱이 알람을 보낸다. 타이머 기능까지 있어 앱이 시키는 대로 활동하기만 하면 된다.단순한 원리지만 목표를 위해 올바른 습관을 형성하려는 수요에 직관적인 앱 인터페이스(UI·UX) 등으로 차별점을 뒀다. 한 눈에 사용자의 습관을 분석해주는 기능도 루티너리만의 특징이다. 이같은 특징으로 루티너리는 지난달(8월)에는 중소벤처기업부와 구글플레이의 스타트업 지원사업 '창구 프로그램' 톱5에 선정됐다.밀레니얼(MZ) 세대 중심으로 관심도도 높다. 이달 초에는 출시 1년 6개월만에 전세계 다운로드 80만건을 기록했다. 영어권, 스페인어권 등 해외 사용자 비율도 83%에 달한다. 특히 MZ 여성들의 호응도가 높다. 루티너리 측은 ""가입자의 80%가 10~30대 여성""이라고 밝혔다. ━'동료'가 있어야 목표도 달성…야나두의 유캔두━카카오 계열사 야나두도 목표달성 서비스 '유캔두'를 운영한다. 공부 뿐 아니라 운동, 독서, 취미, 다이어트 등 자기계발과 관련된 전 분야의 목표달성을 지원한다. 유캔두의 특징은 커뮤니티다. 각 목표마다 커뮤니티가 꾸려져 자유롭게 소통하면서 달성 어려움이나 성취감 등을 공유할 수 있다. 성공지원금을 주는 스폰서가 프로모션을 개발하면 달성 시성공지원금도 제공받는다. 상품권, 커피쿠폰 등으로 현금화가 가능해 목표달성을 돕는다. 야나두 측은 ""작은 생활습관에서부터 취미, 자기계발까지 모두 비대면으로 슬기롭고 재미있게 해결하려는 것""이라며 ""보상과 인증, 함께 하는 동료가 있어 목표를 세우고 실천하기에는 유캔두가 최적의 서비스""라고 말했다.[머니투데이 미디어 액셀러레이팅 플랫폼 '유니콘팩토리']"
2021.09.21.,'짝퉁'에서 '갓겜'으로... 1주년 원신이 한국 게임계에 주는 교훈,https://n.news.naver.com/mnews/article/011/0003964535?sid=105,"[서울경제] ‘짝퉁’으로 비하받던 중국 게임 ‘원신’이 출시 1년을 맞는다. 출시 초기 벌어졌던 표절 논란은 높은 완성도에 밀려 사실상 사라졌고, 매출은 글로벌 최상단을 유지 중이다. 최근 위기를 맞고 있는 한국 게임계에서도 ‘원신을 배워야 한다’는 목소리가 심심찮게 나온다.원신 2.1 버전 배너. 원신은 매력적인 캐릭터로 높은 매출을 올리는 데 성공하고 있다. /사진제공=미호요20일 글로벌 시장조사기관 센서타워에 따르면 원신은 지난 1일 실시한 2.1버전 업데이트 후 7일만에 약 1억5100만 달러(약 1,800억 원)의 매출을 올렸다. 이는 하루 평균 260억 원에 달하는 수치다. 국내에서 하루 최대 매출을 기록한 게임은 엔씨소프트(NC)의 리니지M과 카카오게임즈의 오딘 정도로, 두 게임은 가장 주목도가 높은 시점인 출시 직후에 하루 100억 원을 넘어서는 매출을 기록한 바 있다. 원신은 지난해 9월 28일 글로벌 출시한 게임으로, 출시 1주년을 맞아 ‘역대급’ 매출을 기록한 것이다.원신은 제작 초기부터 일본 닌텐도의 ‘젤다의 전설: 브레스 오브 더 와일드(야생의 숨결)’ 표절 논란을 일으켰다. 카툰렌더링(만화처럼 표현한 그래픽)을 적용한 세상을 자유롭게 모험하는 점과, 캐릭터의 움직임 등이 유사한 탓이다. 원신 제작사 미호요는 야생의 숨결이 아트웍과 발상에 끼친 영향을 부정하지 않았다. 도리어 “많은 영향을 받았지만 같은 게임은 아니다”라며 정면돌파에 나섰다. 출시 후 시간이 지나며 미호요의 자신감은 인정 받기 시작했다. ‘외향’은 같더라도 게임의 틀이 다르다는 점을 설득하는 데 성공했다는 평가다. 업계 한 관계자는 “‘제대로 베끼는 것’도 결코 쉬운일이 아닌데, 원신은 ‘짝퉁’이라 비하하기엔 너무나 높은 완성도를 보였다”며 “전투와 조합, 성장방식과 스토리에서 확실한 차별점을 둬 논란을 걷어내는데 성공했다”고 전했다.이를 바탕으로 원신은 출시 이후 꾸준한 흥행을 보이고 있다. 글로벌 출시 2주만에 매출 1억 달러(약 1,200억 원)를 넘어섰고, 3달째에는 17억 달러(약 2조 원)를 넘겼다. 국내 최대 게임사인 넥슨의 지난해 매출이 3조 원임에 미뤄볼 때 그 파괴력을 짐작케 한다.원신은 과도한 과금 요소로 비판받는 국산 게임과는 다른 방식으로 높은 매출을 뽑아내고 있다. ‘뽑기’가 주 수익원인 점은 같다. 최고급인 5성 캐릭터를 얻을 수 있는 확률은 0.6%로 매우 낮다. 그러나 ‘경쟁’을 촉발해 더 많은 뽑기를 유도하는 국산 다중접속역할수행게임(MMORPG)과 달리, 원신은 이렇다할 경쟁 요소가 없다. 경쟁요소가 없다보니, 5성 캐릭터 없이도 게임을 즐기는 데 무리가 없다. 기존 팬층이 없는 신규 지식재산권(IP)이기도 하다. 원신은 경쟁도, IP도 없이 이용자들이 스스로 돈을 써 캐릭터와 무기를 뽑도록 만들고 있다.원신이 만들어낸 매력적인 캐릭터와 세계관이 이를 가능케 한다. 미호요는 이용자들에게 원신의 캐릭터를 자연스럽게 알리고 살아 숨쉬는 듯한 세계를 만들기 위해 노력하고 있다. 신규 캐릭터를 출시할 때마다 게임 스토리에서 자연스럽게 이를 소개하고, 유튜브 등 다양한 채널을 통해 이용자가 새 캐릭터와 친숙해질 수 있도록 노력한다.스토리 중심의 진행 방식도 ‘세계’에 대한 애정을 높인다. 원신은 온라인 게임이지만 싱글플레이 역할수행게임(RPG)처럼 이야기가 중심이다. 이야기와 등장 캐릭터는 성장을 위한 ‘곁가지’로 치부되는 최근 국산 MMORPG와의 결정적인 차별점이다. 업계 한 관계자는 “국내 대표 IP인 ‘리니지’는 매력적인 원작 만화가 있지만, 등장인물인 ‘데포로쥬 왕자’와 ‘반왕 켄 라우헬’의 갈등에 관심을 갖는 이용자는 극히 드물다”며 “원신은 신규 IP임에도 이용자들을 캐릭터와 세계의 ‘팬’으로 만드는 데 성공했다”고 분석했다.원신 초기 캐릭터. 미호요는 꾸준한 캐릭터 추가로 높은 매출을 거두고 있다. /사진제공=미호요미호요의 운영과 꾸준한 콘텐츠 업데이트 또한 국산 게임과의 차별점이다. 미호요는 원신 출시와 함께 6주에 한 번씩 신규 콘텐츠를 선보이겠다고 밝혔다. 이후 1주년을 눈 앞에 둔 현재까지 단 한번도 업데이트 일정을 미루지 않았다. 촉박한 일정에도 중대한 버그가 발생하는 일은 없었다. 원신이 PC·모바일·콘솔 3가지 기종으로 크로스 플레이가 가능한 게임이라는 점을 떠올리면 미호요의 칼 같은 업데이트에 대한 평가는 더욱 높아진다. 업계 한 관계자는 “글로벌 서비스 중인 게임이 모든 언어에 현지화를 마치고, 3개 플랫폼에 동일한 업데이트를 문제 없이 1년간, 미리 예고한 시점에 적용했다”며 “온라인 게임에서 갈수록 중요해지고 있는 ‘운영’ 관점에서도 글로벌 최고 수준이라는 증거”라고 했다.원신의 성공 방식은 한국 게임계에도 경고음을 울린다. 한국 게임업계는 연초 확률조작논란, 운영 미숙으로 인한 불매운동을 겪었다. 최근에는 타 IP에 기존 과금체계를 무리하게 적용해 실패하기도 했다. 업계 한 관계자는 “같은 ‘뽑기’형 수익구조라도 이용자들을 어떻게 납득시키느냐에 따라 반응과 성과가 갈린다는 예”라며 “어떻게 돈을 버느냐 이전에, 얼마나 매력적인 세계를 만들 것인가를 고민해야 한다”고 강조했다."
2021.09.21.,한가위 맞아 게임업계가 준비한 다양한 이벤트는…,url없음,<네이버 기사 없음>
2021.09.21.,[한가위ㅋ⑤] 스타들이 직접 보낸 추석 인사와 한복 사진 모음.Zip,url없음,<네이버 기사 없음>
2021.09.21.,"코로나 백신 미접종자, 다음달도 사전예약 가능할까",https://n.news.naver.com/mnews/article/008/0004647348?sid=101,"[정부 ""기존 예약자 접종 우선…현재까진 계획없어""-이달 30일까지 예약](청주=뉴스1) 장수영 기자 = 17일 충북 청주시 흥덕구 하나병원에서 의료진이 코로나19 백신 접종을 하고 있다. /사진=뉴스1  추석 연휴 급증한 확진자에 코로나19(COVID-19) 백신 접종완료에 대한 필요성이 커지고 있다. 정부의 추석 전 1차 목표였던 '1차 접종률 70%' 달성에 이어 10월말 접종완료율 80% 달성을 위해선 아직 접종에 참여하지 않은 인원들의 예약이 중요한 만큼 '미접종자 사전예약'에 대한 관심도 커진 상태다. 21일 중앙방역대책본부(방대본)에 따르면 방역당국은 이달 30일까지 코로나 백신 사전예약에 참여하지 않은 인원들에 대한 미접종자 사전예약을 이어간다. 정부가 추산한 대상 인원은 약 500만명이다. 미접종자 사전예약은 18일 오후 8시부터 18세 이상 전체를 대상으로 시작됐다. 18~49세 연령층에 대한 1차 접종이 종료되는 시기에 맞춰 불신에 기인한 접종 기피 또는 예약시기를 놓친 인원의 새로운 접종 예약을 받는다는 계획이다. 1차 접종 시에도 초기 접종 의사가 없었지만 잔여백신을 통해 꾸준히 접종률을 끌어올린 만큼, 전면적 기회 부여를 통해 참여율을 높인다는 방침이다. 다만 해당 인원들이 예약에 참여하지 않을 경우, 다음달 추가 예약이 가능할 지는 미지수다. 정부가 기존 예약자들의 접종을 우선 순위를 부여해 현재까지는 재예약 계획을 보유하고 있지 않은 탓이다. 홍정익 코로나19 예방접종대응추진단 예방접종관리팀장은 ""현재 계획으로는 30일까지 사전예약을 종료하고 10월에 다시 예약을 열 계획을 가지고 있지 않다""라며 ""10월1일부터는 9월까지 예약하신 분들이 접종을 시작한 후에 전체적인 접종 상황과 필요성을 검토해서 필요하다면 고려하겠다""라고 말했다.방역당국은 이달 미접종자 사전예약률을 끌어올리기 위해 인센티브, 감염 예방 효과 등 홍보를 통한 동기부여에 나선다는 방침이다. 접종이 실제 생활 속 불편함을 해소한다는 점을 체감하도록 접종완료자에 대한 인센티브를 지속적으로 확대한다는 계획이다. 이미 예약을 했더라도 SNS 당일신속 예약서비스(카카오, 네이버) 등을 통해 잔여백신을 활용한 접종을 신청하면 더 빨리 접종받을 수 있다.미접종자들의 사전예약 참여는 10월말 80% 접종완료율 달성에 필수 요소로 작용할 전망이다. 이날 기준 청장년층(18~49세)의 사전 예약률이 72.3%(1350만명 중 975만명) 수준인 만큼, 500만명에 달하는 미접종자의 유입 여부가 접종완료율을 끌어올리는 데 적지 않은 기여를 할 가능성이 크기 때문이다. 20일 0시 기준 국내 접종완료율은 43.2%다. 한편, 추석 연휴가 본격화 된 지난 주말엔 이틀 간 총 3515명의 신규 확진자가 발생했다. 역대 주말 기준 사상 최대치다. 개학과 등교 확대, 연휴 준비 등이 맞물린 데 따른 것으로 풀이된다. 특히 아직 연휴 기간이 남아있는 만큼 추가 확산에 대한 우려도 존재한다. 정부는 연휴 기간 접촉 및 이동량 증가가 불가피 한 만큼, '폭발'이 아닌 '점진'적 증가세에 무게를 두고 의료 부담 최소화에 무게를 둔다는 방침이다."
2021.09.21.,추석 이후 주목해야 할 공모주는 어디… 시몬느·케이카 '눈길',https://n.news.naver.com/mnews/article/417/0000736805?sid=101,"민족 최대 명절인 추석을 앞두고 IPO(기업공개) 시장이 그 어느때보다 분주한 모습이다./사진=이미지투데이민족 최대 명절인 추석을 앞두고 IPO(기업공개) 시장이 그 어느때보다 분주한 모습이다.21일 금융투자업계에 따르면 지난 13일부터 내달 13일까지 한달 동안 공모청약을 앞두고 있는 기업은 총 19개사다. 이중 스팩을 제외하면 15개 기업이 일반청약을 진행할 예정이다.연휴 기간동안에는 공모주 투자자들의 청약 열기가 상대적으로 적기 때문에 기업들도 명절을 피해 IPO 절차를 진행하는 것이 일반적이다. 하지만 올해는 공모주 시장이 역대급 호황을 맞이하면서 연휴 전후로도 상장 일정이 줄줄이 예정된 것으로 풀이된다.대부분의 기업이 코스닥 시장에 상장을 준비하는 가운데 시몬느액세서리컬렉션, 케이카, 카카오페이 3개 기업은 코스피 상장에 도전한다. 다만 카카오페이의 경우 상장 전 악재로 인해 최종 상장 목표 시기가 불투명해진 상황이다.앞서 카카오페이는 지난 7월2일 증권신고서를 제출했지만 금융감독원의 정정요구로 상장이 한차례 연기된 바 있다. 이후 8월31일 정정 신고서를 제출하고 10월14일을 유가증권시장 입성을 목표로했지만 정부의 '핀테크 규제'라는 대형 암초를 만나 다시 한번 상장 일정 연기 가능성이 높아졌다.카카오페이는 당초 이달 29~30일로 예정된 기관 대상 수요예측을 미루는 방향으로 상장 일정을 정리한 것으로 알려졌다.이외에도 케이카, 시몬느액세서리컬렉션이 추석 이후 수요예측을 진행하고 10월 중 상장할 예정이다. 핸드백 ODM(제조자개발생산) 기업인 시몬느액세서리컬렉션의 주당 공모주 희망 범위는 3만9200~4만7900원으로 상장 이후 예상 시가총액은 최대 1조6036억원에 달할 전망이다. 국내 1위 중고차 플랫폼 기업인 케이카의 공모주 희망 범위는 3만4300원~4만3200원으로 예상 시가총액은 1조6494억원~2조773억원이다.박종선 유진투자증권 연구원은 ""하반기에도 대어급 기업들이 지속적으로 상장을 준비하고 있어 연말까지 IPO 시장은 호황을 유지할 것""이라며 ""올해 연간 기준으로도 역대 최고 수준을 이미 달성했고 점차 공모금액 및 시가총액이 증가될 것""이라고 설명했다."
2021.09.21.,자연과 문화생활로 힐링 '신화빌라스' 분양중,url없음,<네이버 기사 없음>
2021.09.21.,"국내 모바일 인기작, 해외 겨냥...세나2·리니지2M·오딘",https://n.news.naver.com/mnews/article/092/0002234173?sid=105,"국내 이어 해외 흥행 소식 들릴지 주목토종 모바일 인기작이 추석 연휴 이후 해외 진출 준비에 더 박차를 가할 것으로 보여 귀추가 주목되고 있다.21일 게임 업계에 따르면 주요 게임사들의 인기작들이 해외 진출을 앞두고 담금질 작업이 한창이다.넷마블의 '세븐나이츠2'는 해외 170여개 지역, 엔씨소프트의 '리니지2M'은 러시아와 북미 유럽에 진출할 예정이다. 약 3개월째 넘도록 구글 매출 1위를 기록 중인 카카오게임즈의 '오딘'은 내년 상반기 해외로 서비스 지역 확대에 나선다.세븐나이츠2.'세븐나이츠2'는 지난해 11월 국내에 선출시 된 작품으로, 넷마블 대표 IP(지식재산권) '세븐나이츠'의 세계관을 이어받은 게 특징이다.이 게임은 연내 170여개 지역 구글플레이·애플앱스토어에 상륙한다. 12개국 언어와 영어, 일본어 버전의 캐릭터 음성을 지원한다고 회사 측은 설명했다.넷마블 측은 '세븐나이츠2'의 해외 흥행을 위해 다양한 노력을 시도하고 있다. 주요 게임 캐릭터 '세인'의 스토리를 그린 웹툰 '다크서번트'를 ▲북미 ▲일본 ▲대만 ▲태국의 페이스북과 트위터에 선보이고 있는 게 대표적이다.리니지2M 러시아 티저 페이지 오픈.엔씨소프트의 '리니지2M'은 러시아 지역 출시를 앞두고 있다. 대만 일본에 이은 서비스 추가 해외 진출이다.엔씨소프트는 약 열흘 전 '리니지2M'의 러시아 티저 페이지를 열었다. 해당 페이지는 공식 시네마틱 트레일러와 OST 등으로 꾸몄다.러시아 이용자는 엔씨소프트의 크로스 플레이(Cross Play) 서비스 플랫폼 '퍼플'을 통해 모바일과 PC로 '리니지2M'을 즐길 수 있다.이 회사는 연내 러시아 뿐 아니라 북미 유럽 등에도 '리니지2M'을 선보인다는 계획을 밝히기도 했다.오딘 대표 이미지.카카오게임즈는 '오딘'의 해외 진출 계획을 일찌감치 공개했다. 계획에 따르면 '오딘'은 내년 상반기 해외 서비스를 개시한다.'오딘'은 지난 6월말에 출시돼 약 3달째 구글 매출 1위를 유지하고 있는 인기작이다. 이 게임은 기존 모바일 리니지 형제인 '리니지M'과 '리니지2M' 뿐 아니라 '제2의나라' '블레이드앤소울2' 등 신작과 경쟁해 안정적인 인기를 이어가고 있다는 평가다.'오딘'의 해외 진출에 대한 시장의 기대는 큰 상황이다. 게임 세계관이 북유럽 신화를 기반으로 했기 때문이다.또한 이 게임은 국내 서비스를 통해 콘텐츠 완성도를 높인 만큼 해외에서도 추가 성과를 낼 수 있을지 기대를 모으고 있다.이와 함께 펄어비스는 '검은사막모바일'을 중국에 선보일 예정이다. 이 게임의 중국 서비스는 아이드림스카이와 텐센트가 공동으로 맡을 예정이다.'검은사막모바일'은 중국 판호(서비스 허가권)을 받은 몇 안돼는 토종 게임이다. 이 게임이 복잡한 중국 현지 문제를 잘 극복해 중국 흥행작에 이름을 올릴 수 있을지가 관전 포인트다.업계 한 관계자는 ""국내 인기작들의 해외 진출 소식이 꾸준하다. 추석 연후가 지나면 기존 인기작의 해외 진출 준비에 더 속도가 붙을 것으로 보인다""며 ""중국의 경우 여러 복잡한 정치 상황에 진출이 어려운 만큼 동남아시아와 북미 유럽 출시 소식은 계속 들릴 것""이라고 말했다."
2021.09.21.,"""추석 선물, 이젠 주식으로 하세요'…증권사별 주식 선물법은?",url없음,<네이버 기사 없음>
2021.09.21.,"""추석 선물, 이젠 주식으로 하세요'…증권사별 주식 선물법은?",url없음,<네이버 기사 없음>
2021.09.21.,"증권株, 대어급 IPO에 하반기도 양호… 배당주로도 주목",url없음,<네이버 기사 없음>
2021.09.21.,"증권플러스, 빅테크 규제 쇼크 주가 향방은?",url없음,<네이버 기사 없음>
2021.09.21.,[르포] 추석 명절 특수 노린다... 이통사 불법보조금 기승,url없음,<네이버 기사 없음>
2021.09.21.,하이클래스 하이소사이어티 '신화빌라스' 주목,url없음,<네이버 기사 없음>
2021.09.21.,"'역대급 실적' 시중은행, '비대면시대' 인력감축에 고민↑",url없음,<네이버 기사 없음>
2021.09.21.,은행 비대면대출 잔액 111조 돌파…건수는 579만건,url없음,<네이버 기사 없음>
2021.09.21.,"[민지리뷰] ""입사를 축하드립니다. 근무지는 10초 거리인 개더타운입니다""",https://n.news.naver.com/mnews/article/025/0003136438?sid=103,"가상 회의 플랫폼개더타운  현대차의 신차 품평회, 글로벌 화장품 회사의 인재 채용, 하나금융지주의 재테크 강의. 이 모든 것이 가상의 공간, 메타버스에서 일어나고 있다. 더 재미있는, 더 나은 디지털 세상 속 만남을 위한 움직임이 일고 있는 것. 그 중심에 있는 것은 ‘개더타운’이다. 부동산 중개 스타트업 직방은 올해 초 오프라인 사무실을 닫고 아예 이곳으로 회사를 옮기기도 했다. 금융회사들은 앞다퉈 개더타운에서 MZ세대를 위한 재테크 강좌를 연다. 디지털 시대의 재미있는 회의 환경을 만들고 있는 개더타운을 들여다봤다     내 공간을 꾸미고 친구와 모임을 갖거나 동료와 업무 회의를 한다. 이 모든 것이 이젠 가상의 공간 개더타운에서 이루어지고 있다. [사진 김종훈, 개더타운 캡처]      Q : 개더타운, 요즘 진짜 핫하죠. 아직 모르는 사람을 위해 간단한 소개 부탁해요.   한 마디로 설명하면 메타버스 화상회의 플랫폼이에요. 코로나 19가 오래 지속되면서 비대면 회의가 중요해졌고, 이에 온라인 화상 회의를 할 수 있는 서비스 ‘줌’이 급격히 성장했죠. 이후 화상 회의뿐 아니라 오프라인 공간을 온라인으로 재현한 메타버스 회의 서비스가 등장했는데, 이것이 바로 개더타운이랍니다. 가상 세계 안에 회의 공간을 만들 수 있고, 사용자는 아바타가 되어 공간을 자유롭게 넘나들며 주변에 있는 다른 아바타(사용자)와 회의를 진행할 수 있어요. 지난해 5월 미국 샌프란시스코를 근거지로 한 스타트업(개더타운)이 만들었는데요, 출시 후 1년 만에 400만명이 넘는 사용자를  보유하고 있죠. 국내 많은 오프라인 커뮤니티와 기업들에 높은 관심을 가지고 있답니다.      Q : 여기에 꽂힌 이유는요.   화상 회의의 목적은 오프라인이 불가능한 상황에 온라인상에서 서로의 모습을 보며 실시간으로 대화를 나누는 것으로 생각했어요. 개더타운의 귀여운 아바타로 흥미를 가지긴 했지만, ‘회의’의 목적을 생각하면 줌이나 구글미트에 비해 큰 강점을 느끼지 못했었죠. 개더타운에 관심을 가지게 된 건 사이드 프로젝트 동아리의 운영진을 맡으면서였어요. 70명이 넘는 멤버들이 조금 더 재미있는 공간에서 친화적인 분위기로 프로젝트를 진행하길 원했거든요. 홈페이지부터 이젠 ‘고전’이 된 넥슨의 게임 ‘바람의 나라'를 떠올리게 하는 픽셀 그래픽부터 마음에 들더라고요. 그리고 실제로 사용하면서 서비스 진가를 알게 됐죠.     아바타와 캠을 사용한 화상회의가 한창 진행 중이다. [사진 김종훈, 개더타운 캡처]      Q : 사용 후 평가가 달라진 거네요. 어떤 점이 좋았나요.   화상회의 플랫폼으로 가장 유명한 줌과 비교할 수 있을 것 같은데요. 줌은 오프라인 미팅을 온라인으로 가능하게 하는 훌륭한 서비스예요. 특히 재택근무가 일상화되면서 여러 기업에서 유용하게 사용하고 있어요. 하지만 화상회의는 여러 명의 얼굴과 내 얼굴을 계속해서 바라보는 데서 오는 피로감이 있죠. 실제로 마이크로소프트는 올해 스탠퍼드대학과의 협업 연구를 통해 화상회의에 대한 피로도를 입증한 리포트를 발간했어요. 아예 이를 하나의 병적 증상으로 이야기하는 ‘줌 피로’(Zoom fatigue)라는 신조어도 생겨났고, 뉴욕타임스를 포함한 언론 매체에선 앞다퉈 이를 다루는 기사를 쏟아내고 있죠.       개더타운은 화상회의에서 느끼는 피로를 줄여줍니다. 아바타를 내세워 재미를 주는 것과 동시에 진짜 ‘나'를 보여줘야 한다는 부담감이 줄어들어요. 줌을 사용할 때 카메라를 켜지 않는 것은 격식을 갖춰야 하는 미팅에선 예절에 어긋나는 행동이라고 생각해요. 특히 처음 대면하는 상대와의 미팅이나 업무 회의처럼 오프라인을 대체하는 자리에선 서로의 모습을 보여줘야 해요. 하지만 개더타운에선 아바타가 있어 ‘카메라를 켜야 한다’는 압박에서 한층 자유로워질 수 있습니다.     아바타는 머리부터 발끝까지 내가 원하는 스타일로 커스텀이 가능하다. [사진 김종훈, 개더타운 캡처]      Q : 개더타운이 지닌 가치는 무엇이라고 생각해요.   ‘화상 회의'만을 위한 서비스가 아니라는 점이에요. 오프라인 공간을 대체할 수 있는 서비스여서 코로나로 사람들과 접촉할 수 없는 갈증을 해소해줘요. 그리고 게임 같은 디자인 컨셉으로 분위기 자체를 즐겁게 해주는 점이 가장 큰 가치라고 생각해요. 저는 종종 어디서든 조직을 리드하는 포지션을 맡게 되는데 회의를 할 때 ‘회의는 간결하고 짧게'라는 철칙을 지키려고 해요. 하지만 이러한 철칙과 유머러스하지 못한 성격 탓에 회의가 굉장히 딱딱해지곤 하는데 개더타운에서 회의하면 즐거운 분위기 속에서 의견을 주고받을 수 있게 되더라고요.      Q : 여러 장점이 있는 것 같네요. 눈여겨 봐야 할 점을 알려줄래요.   다음의 3가지로 요약할 수 있어요.      ■ 공간별로 범위 내의 사용자와 이야기가 가능함    ■ 다양한 인테리어 요소와 게임 기능    ■ 귀여운 아바타와 내가 꾸밀 수 있는 공간 그리고 다양한 리액션 기능    재택근무를 하게 되면 업무 능률이 떨어져 오히려 출근하고 싶다는 의견이 많아요. 개더타운에선 내 모습을 실제로 보여주거나 다른 사람의 모습이 보이진 않지만, 아바타를 통해 오프라인에서 함께 있는 소속감을 그대로 경험하게 해준다는 점이 가장 큰 장점이라고 생각해요.    개더 타운은 ‘온라인의 오프라인화'를 만든 가상 공간이에요. 현실 세계에선 멀리 있는 동료에게 전달할 이야기가 있으면 동료가 있는 곳까지 걸어가는 것이 당연하잖아요. 개더타운은 이런 행위를 온라인에 그대로 적용했어요. 이야기 나누고 싶은 사용자에게 아바타가 다가가면 캠과 음성 기능이 활성화돼요. 현실에서 누군가에게 다가가면 그 모습과 목소리가 들리는 것처럼요. 또 설정에 따라 원하는 범위에 있는 사용자와 캠, 음성 기능을 활성화 시킬 수도 있어요. 또 범위에 있지 않은 사용자에게도 모든 공간에 있는 사람들에게 캠과 음성 기능을 활성화할 수 있는 스포트라이트 존이 있어요. 이 기능은 주로 개더타운 내 콘퍼런스나 세미나를 주최하는 공간을 만들고 활용할 수 있어요.Q : 개더타운으로 생활이 달라졌다고요.   이젠 집에서 혼자 공부를 할 때도 개더타운에 접속해요. 친구 중에 ‘개더 유령'이라는 별명을 가진 친구가 있어요. 워낙 다른 사람과 친해지는 걸 좋아해서 집에 있을 때 항상 개더타운에 접속해 들어오는 멤버들과 이야기를 나누더라고요. 오프라인을 대체해 단 5초면 접속할 수 있는 가상 공간이라는 점에서 코로나가 끝나도 개더 타운은 지속적인 서비스로 성장할 것으로 예상해요.    Q : 다시 기본으로 돌아가서, 회의 서비스가 가져야 할 핵심 기능은 무엇이라고 생각해요.   오프라인 미팅의 대체 도구라는 점에서 사용성과 확장성이 중요하다고 봐요. 기존 화상회의 서비스를 사용하기 위해서는 유선 전화나 메일로 회의 일정을 잡고 회의 일정에 맞춰 링크를 생성해 공유하는 반면, 개더타운은 온라인 공간을 만들어두기만 하면 온라인 공간에서 각자의 업무를 진행하다 캐릭터로 회의실에 이동하면 곧바로 회의가 진행될 수 있기 때문이에요. 줌과 구글미트처럼 특정 시간에 링크를 생성하고 공유하는 역할이 필요 없는 거죠.     개더타운의 승승장구로 이와 유사하게 아바타와 공간을 활용하는 화상 회의 서비스가 느는 추세예요. 실제로 올해 2월 부동산 중개 서비스 ‘직방'은 오프라인 근무를 전면 폐지하고 개더타운을 사용한 원격 근무 체제를 도입했죠. 최근엔 롯데 건설과 함께 개발한 메타버스 플랫폼 ‘메타폴리스'를 출시해 개더타운 대신 이를 사용하고 있어요.    Q : 직방은 왜 개더타운을 선택했고, 심지어 비슷한 서비스를 굳이 개발했을까요.   직방은 전 직원이 온라인에서 네트워킹되는 환경을 가장 중요하게 생각했기 때문이에요. 가상 공간에서도 오프라인 사무실과 똑같은 공간을 구현하기 위한 고민을 시작해 직원들이 기존에 지닌 소속감, 유대감을 확장하는데 중점을 뒀죠. 오프라인의 경험을 온라인으로 확장시킬 수 있는 확장성이 줌이 아닌 개더타운을 선택하게 된 가장 큰 요인이라고 생각해요.     직방과 롯데건설이 자체 개발한 메타버스 플랫폼 메타폴리스. [사진 김종훈, 개더타운 캡처]      Q : 이 서비스를 만든 메이커를 칭찬하고 싶은 점이 있다고요.   컨셉을 정말 기가 막히게 만들었어요. 2등신의 픽셀 아바타는 고전 게임을 연상케 해요. 개더타운 개발자들은 사용자가 일을 위해 사용한다는 것을 알고 있을 것이고 일은 재미없다는 대부분 직장인의 마음을 이해한다고 생각해요. 제페토처럼 아바타를 직접 꾸미지 않고 마인크래프트처럼 너무 과하지 않은 세계관 안에서 개더타운의 픽셀 아바타는 최고의 컨셉이라고 생각해요.    Q : 비용은 얼마나 드나요   개더타운은 25명까지 무료로 사용할 수 있어요. 25명 이후부터 500명까지 사용 가능한 총 네 개의 요금제가 있는데 유료 요금제로 2시간에 사용자당 2$, 하루는 사용자당 3$, 한 달은 사용자당 7$로 책정되어 있어요. 줌은 40분 동안 무료로 사용할 수 있고 팀 규모에 따라 100명은 149$, 300명은 199$, 500명은 240$로 연간 요금제로 책정되어 있어요. 사용 규모와 기간에 따라 가격 차이가 있지만, 개더타운은 온라인에서 오프라인 공간을 체험하며 온라인 화상 회의뿐 아니라 실제 업무 환경을 체험한다는 점에서 충분히 납득 가능한 가격이라고 생각해요.       네 가지 요금제. 25명까지는 무료로 사용할 수 있다. [사진 김종훈, 개더타운 캡처]     Q : 이 서비스를 매우 마음에 들어 하는 것 같네요. 점수를 매겨 본다면요.   만족도는 10점 만점에 9점이에요. 개더타운은 말 그대로 디지털 도시(Town)예요. 창업자인 필립 웡이 개더타운 전에 정했던 이름이 바로 ‘온라인 타운’이었답니다. 아기자기한 아바타와 꾸미는 대로 원하는 공간이 돼 목적이 일이든 회의이든 사용하는 재미를 느끼게 해줘요. 개더 타운은 별도의 파일을 다운받지 않고 웹 브라우저로 접속할 수 있어요. 접속 후 제일 처음에 하는 일이 캐릭터를 만드는 것인데 헤어 스타일, 피부 색깔, 옷 등으로 100여 개가 넘는 조합의 아바타를 만들 수 있어요. 아바타는 키보드 방향키를 조작해 공간을 돌아다닐 수 있는데 일정 범위 안에 다른 아바타가 있으면 서로의 캠과 음성을 공유할 수 있어요. 또한 회의 때 유용하게 사용할 수 있는 화이트보드와 포커 게임 등의 기능을 제공하죠. 어느 하나 버릴 기능이 없는 완벽한 세계관이라는 생각이 들어요.     그런데도 1점을 뺀 이유는 아직 모바일 대응이 어렵기 때문이에요. 현재 PC를 제외한 모바일, 아이패드 등과 같은 디바이스에는 베타 버전으로 운영해, 캠을 사용할 수 없고 여러 가지 풀어야 할 오류들이 남아있어요. 하지만 모바일로 회의하는 일은 이동 중이거나 PC를 사용할 수 없는 경우라고 생각하면, 모바일 버전에선 카메라가 필요 없을 거라는 생각도 듭니다. 모든 디바이스에서 원활하게 사용할 수 있다면 만점짜리 서비스라고 자신해요.     개더타운은 아직 웹 환경에서만 전체 서비스를 이용할 수 있다. 모바일에선 베타버전이 운영되고 있는데, 접속하면 왼쪽 이미지처럼 '모바일에서 정상 작동되지 않는다'는 안내가 뜬다. 오른쪽 이미지는 모바일 개더타운 이미지다. [사진 김종훈, 개더타운 캡처]      Q : 만약 직접 만든다면, 개선하고 싶은 부분이 있나요.   원하는 장소에 순간 이동 할 수 있는 기능이 있으면 좋겠어요. 지금은 사용자가 직접 방향키를 움직여야 아바타를 이동시킬 수 있어요. 덕분에 게임 같은 재미를 제공하지만, 가끔 공간이 복잡할 때 장소를 찾기 어려운 단점이 있죠. 화면 왼쪽의 사용자 목록에서 다른 사용자의 캐릭터를 클릭해 상대방이 있는 장소로 따라가는 기능이 있지만 이것만으론 부족해요.       또 개인적으로 개더타운의 경쟁사는 ‘슬랙'과 ‘노션'이라고 생각해요. 개더 타운 안에서 슬랙과 노션처럼 협업 도구를 활용할 수 있다면 대체 불가능한 서비스가 되지 않을까요.    Q : 개터타운을 더 잘 쓸 수 있는 나만의 방법이 있나요.   내 공간에 공을 들이면 더 재미있게 즐길 수 있어요. 벽을 세워 미로를 만들거나 연회장 같은 느낌의 인테리어를 할 수도 있죠. 제 경우 사이드 프로젝트를 진행할 때 총 9개의 팀이 있었는데, 각 팀을 구분하는 공간으로 구성하는 것이 아니라 저마다 팀의 공간을 예쁘게 꾸며 서로의 공간을 구경하고 칭찬했어요. 온라인으로 친목 도모가 어려운 상황에서도 자연스러운 접촉이 가능했죠. 또 개더타운으로 원격 근무를 한다면, 실제 회사에서는 정해진 평수의 공간을 지정받지만 여기서는 가상의 내 공간을 얼마든지 자유롭게 만들 수 있다는 것도 매력적이죠.     사이드 프로젝트를 진행할 때 만들었던 개더타운의 조별 공간들. 다른 참가자의 공간을 구경하고 이야기를 나누며 친밀도가 높아졌다. [사진 김종훈, 개더타운 캡처]     Q : 어떤 사람이 쓰면 좋을까요.   화상회의를 위한 서비스가 아닌 온라인 공간을 만들고 싶은 사람에게 추천해요. 지금까지 온라인 공간은 카카오톡 단톡방, 카페 등이 전부였지만 이제는 개더 타운이 온라인 모임을 오프라인 못지않게 활성화 시킬 것이라고 생각해요. 만약 인테리어를 공부하는 동아리가 있다면 자신만의 공간을 얼마나 멋지게 꾸밀지 궁금해지네요.          민지리뷰는... 자신의 가치관과 세계관이 소비로 표현되는 시대. 소비 주체로 부상한 MZ세대 기획자·마케터·작가 등이 '민지크루'가 되어 직접 자신이 좋아하는 물건·공간·서비스 등을 리뷰합니다."
2021.09.21.,AI·VR 등 IT 기술로 바뀐 유통가 추석 新풍속도,url없음,<네이버 기사 없음>
2021.09.21.,코로나 이후 두번째 추석…명절 풍경 확 달라졌다,url없음,<네이버 기사 없음>
2021.09.21.,"""2025년 구독경제 시장 1조5000억달러""…구독경제 테마 뜬다",https://n.news.naver.com/mnews/article/015/0004606848?sid=101,"20대 후반 직장인 A씨는 아침마다 ‘로켓배송’ 서비스로 식재료와 생필품을 받는다. 회사에서 업무를 할 때는 마이크로소프트의 오피스 제품인 ‘마이크로소프트365’를 사용한다. 퇴근 후에는 넷플릭스와 웨이브 등을 시청하며 시간을 보낸다.구독료를 지불하고 일정 기간 서비스를 이용하는 구독경제가 일상화된 시대다. 기업들은 각종 구독형 상품과 서비스를 내놓으며 사업 모델을 다각화하고 있다. 구독경제를 통해 실적과 주가 모두 ‘레벨업’하는 기업도 등장했다.구독경제를 테마로 한 상장지수펀드(ETF)가 출시를 앞두는 등 관련 시장이 확대되고 있다. 전문가들은 구독경제 성장의 수혜를 받을 것으로 예상되는 종목과 투자 상품을 눈여겨볼 만하다고 조언했다.  ○일상 전반을 지배하는 구독경제국내 구독경제 시장 규모구독경제는 일정 기간마다 비용을 내고 원하는 물건이나 서비스를 이용하는 경제활동을 의미한다. 수십 년 전 우유와 신문을 구독하던 시대부터 존재했던 오래된 개념이다.하지만 최근 대두된 구독경제는 일상 전반을 지배한다는 점에서 차이가 있다. 정보기술(IT)의 발전, 배송 시스템의 고도화, 결제방식의 혁신 등에 힘입어 한층 더 진화하고 있다. 코로나19로 비대면 거래와 서비스가 확대되며 구독경제는 거스를 수 없는 추세가 됐다.구독경제가 성장하는 이유는 소비자와 기업 모두에게 이롭기 때문이다. 소비자는 한 번에 큰 목돈이 필요하지 않고 일정 기간마다 비용을 나눠 낼 수 있어 부담이 적다. 항상 최신 버전의 상품을 사용할 수 있다는 점도 장점이다. 기업은 구독경제를 통해 충성도 높은 고객을 확보하고 안정적인 매출 창출이 가능하다.업계에서는 구독경제 시장의 성장이 본격화할 것이라는 전망이 나온다. 국내 구독경제 시장은 지난해 40조원 수준이었으나 2025년 100조원까지 성장할 것으로 예상된다. 글로벌 투자은행 UBS는 지난해 6500억원 규모의 세계 구독경제 시장이 2025년 1조5000억달러까지 커질 것으로 전망했다. UBS는 “구독경제 시장은 연 평균 18% 성장하며 가장 높은 성장률을 기록하는 산업이 될 것”이라고 말했다.MAGA(마이크로소프트·애플·구글·아마존), 넷플릭스 등 미국의 빅테크(대형 IT기업)는 모두 구독경제에 뛰어들고 있다. 구독경제는 성장 정체에 빠졌던 빅테크가 체질 개선에 성공할 수 있었던 비결로 꼽힌다. 구독경제를 새로운 사업 모델로 도입한 기업들의 실적과 주가를 주목해야 하는 이유다.대표적인 사례가 미국의 소프트웨어 업체인 어도비다. 어도비는 2008년 금융위기 이후 소프트웨어 라이센스 판매 수가 연간 약 300만개로 정체하는 등 부진의 늪에서 헤어나오지 못했다. 2012년 어도비는 사업 모델을 기존 소프트웨어 판매 방식에서 클라우스 서비스 형태의 구독 모델로 전환했다. 새로운 성장 동력을 얻은 어도비는 승승장구했다. 10년 만에 어도비 주가는 20배 가까이 뛰었다.급증하는 어도비 매출네이버·카카오·현대차·통신3사 등 국내 주요 기업들도 구독경제를 신사업에 끌어들이고 있다. SK텔레콤은 지난달 31일 ‘T 우주’라는 구독형 서비스를 출시했다. SK텔레콤은 2025년까지 가입자 수 3600만명과 거래액 8조원을 목표로 내세웠다.업계에서는 “SK텔레콤이 통신 사업자에서 구독플랫폼 사업자로 변신하기 위한 첫걸음”이라는 평가가 나온다. 오태완 한국투자증권 연구원은 “구독 서비스 출시를 통해 잠재 시장을 기존 2400만명 고객에서 전국민으로 확대했다”며 “기업·소비자 간 거래(B2C) 플랫폼을 직접 보유하며 고객 데이터를 확보하고 활용할 수 있다”고 말했다. ○구독경제 테마에 투자하려면구독경제는 일상에 녹아든 익숙한 개념이지만 관련 투자상품은 적은 편이다. 국내 투자상품으로는 ‘키움글로벌구독경제’ 펀드가 있다. 지난해 3월 출시됐으며 순자산은 환헷지 상품 기준으로 210억원 규모다. 1개월 수익률 3.37%, 1년 수익률 32.97%를 기록하고 있다. 어도비(4.77%), 이팸시스템즈(3.93%), 엔비디아(3.87%), 페이팔(3.24%) 등을 담고 있다.넷플릭스, 디즈니, 스포티파이 등 스트리밍 업체들에 투자하는 해외 ETF도 있다. 지난 2월 미국에 상장된 ‘라운드힐 스티리밍서비스&테크놀로지 ETF(SUBZ)’가 대표적이다. 올 들어 수익률(-33.93%)은 좋지 않다. 대부분의 종목들이 지난해 코로나19 수혜주로 주목받으며 주가가 급등한 이후 올 들어 조정을 받았기 때문이다. 하지만 지난달 말부터 반등 조짐을 보이면서 눈여겨볼 만하다는 평가가 나온다.스트리밍 ETF를 제외하면 현재 구독경제 관련주에 집중 투자하는 ETF는 없다. 다음달에는 국내 로보어드바이저 업체인 파운트가 미국 증시에 구독경제 테마형 ETF를 출시할 예정이다. 구독경제를 테마로 한 ETF가 상장되는 건 세계 최초다. 업계에서는 구독경제 ETF 출시에 힘입어 관련 시장이 확대될 것이라는 전망이 나온다."
2021.09.21.,금융위 대환대출 플랫폼 출시 사실상 ‘백지화’,url없음,<네이버 기사 없음>
2021.09.21.,삐걱대는 공모주 불패 신화···분위기 달굴 대어 뭐가 있나,url없음,<네이버 기사 없음>
2021.09.21.,인재 끌어보으는 빅테크·핀테크…최고수준 연봉은 기본,url없음,<네이버 기사 없음>
2021.09.21.,‘무료교육’ 캡슐커피머신 관심자 전문성향상 돕는 커피바리스타전문가자격증,url없음,<네이버 기사 없음>
2021.09.21.,"'요기요' 인수 후 GS25, '퀵커머스' 선도 가능할까",url없음,<네이버 기사 없음>
2021.09.21.,"'당구 유튜버' 해커, 쿠드롱 이어 김종원도 제압...PBA 8강 돌풍",https://sports.news.naver.com/news.nhn?oid=018&aid=0005042137,<구조 다름>
2021.09.21.,"文대통령 가입한 펀드 수익률 100%, 나도 따라해볼까",https://n.news.naver.com/mnews/article/008/0004647351?sid=101,"추석과 설날 같은 명절에 쏠쏠한 용돈을 받게 되면 투자처를 찾기 위한 고심이 깊어진다. 한 나라의 국가 운영을 책임지는 대통령이 가입한 펀드는 믿음이 간다. 운용사들도 대통령이 가입한 펀드인만큼 운용에 신경을 쓸 수밖에 없다. 그렇다면 문재인 대통령이 가입한 펀드 수익률은 어떨까. 문 대통령은 현직 대통령 신분임에도 금융상품 가입과 투자에 역대 어느 대통령들보다 상대적으로 적극적인 모습을 보여왔다. 문 대통령은 취임 이후 처음으로  2019년 8월 가입한 NH-Amundi(아문디)자산운용의 '필승코리아'를 가입했다. 이어 올해에는 지난 1월 주식형 펀드 3개와 ETF(상장지수펀드) 2개 등 5개 금융상품에 추가 투자를 시작했다. 이로써 현재 총 6개 금융상품에 투자 중이다. 먼저 처음 가입한 '필스코리아'의 수익률을 살펴보면 2년 수익률이 102.46%(펀드평가사 에프앤가이드 기준)에 달한다. 이는 국내 주식형 펀드 2년 평균 수익률 66.58%를 크게 앞선다. 문 대통령이 이 펀드에 넣은 투자금 5000만원은 1억원 안팎으로 약 2배 불어났을 것으로 추정된다.또 이 펀드의 1년, 연초이후 수익률은 각각 31.34%, 11.07%로 국내 주식형 펀드의 평균 수익률을 모두 웃돈다. 이 펀드는 산업구조 개편에도 살아남을 수 있는 기술 혁신성과 지속가능한 사업모델을 가진 소재·부품·장비 업체 및 글로벌 경쟁력을 갖춘 국내 기업에 투자해 수익을 추구한다. 삼성전자, SK하이닉스, 현대모비스, 카카오, 포스코 등에 투자한다. NH-아문디자산운용 관계자는 ""'필승코리아' 펀드는 2019년 7월 무역분쟁이 심화되던 시기 국내 소부장 기업 육성을 위해 NH-Amundi자산운용에서 국내 최초로 내놓은 상품""이라며 ""대통령을 비롯 주요 사회인사들의 가입이 이어지며 큰 주목을 받았다""고 설명했다. 그는 이어 ""정체된 공모 주식형 펀드 시장에서 상대적으로 우수한 실적을 보여주고 있다""며 ""반도체 소재·부품·장비 기업의 수익률이 코스피 지수보다 월등히 좋았던 부분이 성과에 큰 기여를 했다""고 덧붙였다. 하지만 '필승코리아' 펀드를 제외한 5개의 펀드 수익률도 양호하다. 문 대통령은 올 초 '미래에셋TIGERKRXBBIGK-뉴딜', '삼성뉴딜코리아', 'KB코리아뉴딜', '신한아름다운SRI그린뉴딜', 'NH-AmundiHANAROFnK-뉴딜디지털플러스'에 투자했다. 이들 펀드의 연초이후 평균 수익률은 10.23%로 같은 기간 국내 주식형 펀드 9.18%를 넘어선다. 연초이후 가장 수익률이 높은 펀드는 '삼성뉴딜코리아'(17.42%)다. KB코리아뉴딜도 연초이후 수익률이 16.05%에 달한다. 하지만 문 대통령이 가입한 상품들은 투자 위험도 평가에서 '높은 위험'으로 분류된다는 점에서 주의가 필요하다. 투자금 납입 방식 역시 일괄적으로 이뤄졌다. 투자금을 일정 주기에 따라 조금씩 나눠 내는 적립식이 안전하다. 예상하지 못한 주가나 지수 하락 등에 따른 리스크 관리를 할 수 있어서다. 반대로 주가나 지수가 상승한다면 더 많은 수익을 얻을 수 있는 구조다. 자산운용사 관계자는 ""문 대통령의 행보가 국민 참여로 이어져 긍정적인 효과를 낼수 있지만 반대로 펀드의 내용은 숙지하지 못하고 대통령만 믿고 투자할 경우 손실을 입을 수도 있어 가입 전에 꼼꼼히 펀드를 살펴봐야 하는 노력이 필요하다""고 말했다."
2021.09.21.,"""한정판매에 매진 사례도""…철도 공기업, 굿즈 판매 '눈길'",url없음,<네이버 기사 없음>
2021.09.21.,직장인 업무역량 강화 및 커리어 개발 돕는 '온라인 교육 플랫폼',url없음,<네이버 기사 없음>
2021.09.21.,직장인 업무역량 강화 및 커리어 개발 돕는 '온라인 교육 플랫폼',url없음,<네이버 기사 없음>
2021.09.21.,"""메타버스 투자 계획도 메타버스에서""…정부·IT업계 투자 '봇물'",https://n.news.naver.com/mnews/article/421/0005614304?sid=105,"정부, 메타버스 등 초연결 신산업 육성에 2조6000억 집중 투자임혜숙 장관 ""우리나라 경제영토 확장할 수 있는 기회""임혜숙 과학기술정보통신부 장관이 15일 서울 중구 서울중앙우체국에서 열린 확장가상세계(메타버스) 플랫폼을 이용해 '제12차 디지털 뉴딜반 회의' 를 주재하고 있다. (과학기술정보통신부 제공) 2021.9.15/뉴스1(서울=뉴스1) 박정양 기자 = 지난 15일 오전 9시30분 범정부 합동 제12차 디지털 뉴딜반 회의는 메타버스 '이프랜드(Ifland)'에서 진행됐다. 이프랜드는 SK텔레콤이 지난 7월 출시한 메타버스 플랫폼으로 최대 130명을 수용할 수 있는 공간과 고품질 음성을 지원한다. 이프랜드 안에는 임혜숙 과학기술정보통신부 장관을 포함 18개 정부기관 관계자와 유관 기관장 등 20여명이 아바타로 등장해 초연결 신산업 육성방안을 논의했다. 정부는 메타버스와 클라우드 등 초연결 신산업 육성에 오는 2025년까지 2조6000억원을 집중 투자하기로 했다고 밝혔다. 가상세계인 메타버스를 육성하기로 한 범정부 회의가 실제 메타버스 안에서 진행된 것이다. 회의 시작과 동시에 5분 가량 '디지털 뉴딜 1.0' 성과에 대한 영상이 상영됐고 '메타버스가 만드는 가상경제시대가 온다'의 저자 최형욱 퓨처디자이너스 대표가 프리젠테이션으로 '메타버스 현상에 대한 산업관점에서의 시사점과 제언'이란 주제로 발표를 진행했다. 이어 초연결 신산업 육성 추진방향 발표와 토의가 진행됐다. 이 회의는 1시간 20분간 진행됐다. 회의를 주관한 과기정통부 관계자는 ""메타버스가 다소 생소했지만 분위기는 좋았다""며 ""발표가 끝나면 버튼을 눌러 박수를 치는데 다들 재미있어 했다. 무난하고 안정된 회의였다는 반응이 많았다""고 전했다. 임 장관은 이 자리에서 ""메타버스 등 초연결 신산업은 가상세계와 현실세계를 융합해 우리나라 경제영토를 확장할 수 있는 기회가 될 것""이라고 강조했다. 임 장관은 지난달 27일 네이버제트가 운영중인 메타버스 제페토에서 MZ세대들과 소통하기 위해 2030 소프트웨어 개발자, 스타트업 대표들과 만남을 갖기도 했다. 2018년 선보인 제페토는 누적 가입자수 2억명을 돌파한 우리나라 대표 메타버스 플랫폼이다. 임 장관은 단발 머리에 안경, 회색 정장 차림의 아바타로 등장해 MZ세대들의 의견을 청취했다. 과기정통부 다른 관계자는 ""장관님이 세번 정도 메타버스 회의에 참석했는데 회의에 참석할 때마다 점점 익숙해 하는 것 같다""고 말했다. 과기정통부는 메타버스가 신산업인 만큼 공무원들이 직접 체험할 수 있는 메타버스 회의를 늘릴 계획이다. 앞서 지난 5월에는 이통 3사와 현대차, 네이버랩스, 카카오엔터, CJ ENM 등 17개 대·중소 기업들이 참여하는 메타버스 얼라이언스를 출범시킨 바 있다.네이버제트  '제페토' 구찌와 협업 (네이버제트 제공) © 뉴스1IT업계와 이통사들도 메타버스 시장에서 주도권 경쟁이 한창이다. 시장조사기관 스트래티지 애널리틱스(SA)는 2025년 메타버스 시장 매출이 2800억달러(약 317조원)에 달할 것으로 추정했다. 네이버제트의 제페토는 올해 가입자 2억명을 돌파했다. 메타버스 안에서 현금거래는 물론 재화 생산과 판매를 할 수 있고 게임이나 친목 활동 등도 할 수 있다. 국내 이동통신 1위 사업자인 SK텔레콤은 지난 7월 비대면 문화 속 온라인 모임에 특화된 이프랜드를 런칭했다. KT는 VR(가상현실), AR 관련 사업을 하는 딜루션, 버넥트, 코아소프트, 위지윅스튜디오, 스마일게이트스토브를 비롯한 9개 기업과 '메타버스 원팀'을 결성했다.게임업체들도 메타버스 콘텐츠를 강화하고 있다. 넷마블은 게임 개발 자회사 넷마블에프앤씨가 지분 100%를 출자해 메타버스엔터테인먼트를 설립, 가상현실 플랫폼을 개발하고 메타버스 콘텐츠를 제작할 계획이다. 컴투스도 컴퓨터그래픽·시각특수효과 전문기업인 위지윅스튜디오를 지난달 인수했다. 위지윅스튜디오는 영화 '승리호' 등 다양한 영화와 드라마 등을 만들어온 콘텐츠 제작사다. 넥슨은 자사의 유명 게임 지식재산권(IP)인 메이플스토리를 활용한 메타버스 신사업 '프로젝트 MOD'를 발표했다."
2021.09.21.,"與 청년대변인, 비판 개그맨에 ""씨X, 패배자 새X"" 욕설… 尹 측 ""즉각 출당""",url없음,<네이버 기사 없음>
2021.09.21.,"'디펜딩 챔피언' 김세연 vs '최연소 우승 노리는' 용현지, LPBA 결승",https://sports.news.naver.com/news.nhn?oid=018&aid=0005042146,<구조 다름>
2021.09.21.,[K-게임 쇼크] ②너도나도 ‘확률형’...페이투윈 고집하다 위기,url없음,<네이버 기사 없음>
2021.09.21.,"은행권, 하반기 채용 돌입… 대졸 신입보다 경력직 '호황'",url없음,<네이버 기사 없음>
2021.09.21.,"[직업정보] 국제자격검정원, 아이돌봄 관련 취업돕는 심리상담사자격증 무료 강의 진행",url없음,<네이버 기사 없음>
2021.09.21.,"""각종 위험에 대비""…추석연휴 맞춤형 '이색보험' 주목",url없음,<네이버 기사 없음>
2021.09.21.,"'당구 유튜버' 해커, 김남수 제압하고 4강…마르티네스와 준결승서 격돌",url없음,<네이버 기사 없음>
2021.09.21.,드라마 'D.P.'에서보다 살벌한 일이 벌어졌다는 어느 부대의 실제상황 (사진),url없음,<네이버 기사 없음>
2021.09.21.,"한가위 추천주 6년의 기록 ""대세 반도체와 신산업의 각축전""",url없음,<네이버 기사 없음>
2021.09.21.,"[크립토 브리핑] 추석에 가상자산 폭락...5000만원 위태로운 비트코인, 400만원 붕괴된 이더리움",url없음,<네이버 기사 없음>
2021.09.21.,[추석 재테크] 추석맞이 꽃길만 걸을 투자…금융투자업계 CEO 5인 추천 종목,url없음,<네이버 기사 없음>
2021.09.21.,눈으로 먼저 맛본다! 페리에 주에·굽네치킨 영상 화제,url없음,<네이버 기사 없음>
2021.09.21.,"[코스피] 9월 3주 거래량 TOP5…남선알미늄, 이아이디, 대한전선, 삼성전자, 일성건설",url없음,<네이버 기사 없음>
2021.09.21.,“연 1.5% 예금 특판”…은행권 추석 맞이 이벤트 봇물,url없음,<네이버 기사 없음>
2021.09.21.,"특금법發 '코인시장 새판짜기'...""30여개 거래소 영업 중단""",url없음,<네이버 기사 없음>
2021.09.21.,찰스장 작가의 로보트 태권브이가 NFT 속으로,url없음,<네이버 기사 없음>
2021.09.21.,"[LPBA] '2연패' 김세연 vs. '최연소 우승' 용현지, TS샴푸 챔피언십 '쟁패'",url없음,<네이버 기사 없음>
2021.09.21.,가면 쓴 당구선수 '유튜버 해커' 화제. 세계최강까지 꺽었다.,url없음,<네이버 기사 없음>
2021.09.21.,[추석N투자 ③] 친환경·배당 이슈에 집중해야,url없음,<네이버 기사 없음>
2021.09.21.,"확진자수, 어제보다 증가…""귀경 후엔 몸 상태 살피고 검사 적극 참여""",url없음,<네이버 기사 없음>
2021.09.21.,"[슬기로운 용돈 재테크(하)] 증권사, 중개형 ISA '주린이들' 활용에 안성맞춤",url없음,<네이버 기사 없음>
2021.09.21.,"연휴에도 멈추지 않는 NFT, '이들'을 주목하라 ② 위메이드트리",url없음,<네이버 기사 없음>
2021.09.21.,"14년간 5배 성장한 중고시장, 비결은? …“돈보단 사람이 먼저”",url없음,<네이버 기사 없음>
2021.09.21.,'와일드카드' 해커 돌풍 어디까지? 김종원 꺾고 8강 진출,https://sports.news.naver.com/news.nhn?oid=445&aid=0000029490,<구조 다름>
2021.09.21.,"'디펜딩 챔피언' 김세연, 용현지와 결승전 격돌 [프로당구 PBA 투어]",url없음,<네이버 기사 없음>
2021.09.21.,디펜딩 챔피언이냐 최연소 우승이냐…김세연-용현지 'TS샴푸 챔피언십' 결승 맞대결,https://sports.news.naver.com/news.nhn?oid=445&aid=0000029491,<구조 다름>
2021.09.21.,"노홍철, 군대 선임도 함부로 못했을 것 같은 스타 1위",url없음,<네이버 기사 없음>
2021.09.21.,"정동원, 흰 티+청바지만으로 남친짤 완성 [셀럽샷]",url없음,<네이버 기사 없음>
2021.09.21.,"정동원, 흰 티+청바지만으로 남친짤 완성 [셀럽샷]",url없음,<네이버 기사 없음>
